year	sexo	estud_gr	edad_gr	min_t	p20_t	p40_t	p60_t	p80_t	max_t
1996	1	1	1	0.0	16.6	21.1	27.7	36.1	60.9
1996	1	1	2	17.6	40.7	52.1	60.6	70.5	85.5
1996	1	1	3	13.9	48.1	56.9	66.0	75.8	94.6
1996	1	1	4	36.7	56.2	69.9	74.5	82.4	93.1
1996	1	1	5	36.8	69.5	76.0	82.8	87.3	93.3
1996	1	1	6	58.2	67.9	74.8	80.1	85.9	92.1
1996	1	1	7	31.1	38.6	45.5	51.4	55.5	68.4
1996	1	1	8	0.2	1.0	1.3	1.8	2.4	16.1
1996	1	1	99	31.3	39.1	42.7	46.4	48.4	51.1
1996	1	2	1	4.7	10.1	12.6	15.9	19.4	30.2
1996	1	2	2	29.7	36.6	41.1	47.4	52.3	66.1
1996	1	2	3	54.4	65.4	72.7	77.0	82.9	92.6
1996	1	2	4	62.4	78.4	82.8	86.9	91.2	97.0
1996	1	2	5	78.7	83.2	85.5	89.2	93.7	98.0
1996	1	2	6	68.3	83.7	86.2	87.8	92.9	100.0
1996	1	2	7	34.1	48.5	54.0	60.8	71.4	90.4
1996	1	2	8	0.0	0.0	1.3	3.6	6.2	13.0
1996	1	2	99	47.5	55.9	59.1	63.4	67.4	75.3
1996	1	3	1	0.0	0.0	0.0	0.0	0.0	100.0
1996	1	3	2	0.0	8.4	12.1	16.1	22.8	38.7
1996	1	3	3	16.1	43.3	48.3	59.7	62.7	85.5
1996	1	3	4	41.2	79.1	83.3	87.4	93.0	100.0
1996	1	3	5	81.5	92.6	94.9	96.9	99.4	100.0
1996	1	3	6	88.8	92.3	95.2	97.8	100.0	100.0
1996	1	3	7	39.2	59.8	71.3	78.6	84.6	93.5
1996	1	3	8	0.0	0.0	7.0	11.9	20.1	36.3
1996	1	3	99	53.4	66.2	69.2	72.2	74.4	78.5
1996	1	99	1	4.8	11.0	13.8	17.0	20.9	29.7
1996	1	99	2	24.8	35.2	41.3	46.3	50.7	61.4
1996	1	99	3	49.4	58.8	67.4	72.9	76.7	83.8
1996	1	99	4	59.3	73.0	79.4	84.0	89.1	94.7
1996	1	99	5	72.1	78.8	82.9	87.7	91.1	95.8
1996	1	99	6	67.5	73.9	79.6	83.6	87.7	92.7
1996	1	99	7	33.9	43.0	50.1	53.4	58.7	67.5
1996	1	99	8	0.2	1.3	1.7	2.2	3.1	16.1
1996	1	99	99	43.6	49.3	53.2	55.5	57.6	62.6
1996	6	1	1	0.0	3.6	12.1	20.2	30.0	58.1
1996	6	1	2	0.0	19.2	29.4	34.6	45.1	68.0
1996	6	1	3	0.0	13.1	21.4	28.2	39.0	70.1
1996	6	1	4	6.9	17.8	24.6	29.1	39.6	70.1
1996	6	1	5	13.9	23.2	30.3	33.4	40.0	64.5
1996	6	1	6	11.0	20.3	21.8	27.8	33.4	60.9
1996	6	1	7	4.0	10.0	12.5	15.1	19.6	54.4
1996	6	1	8	0.0	0.4	0.6	0.9	1.3	9.4
1996	6	1	99	7.3	11.5	13.0	14.8	18.5	34.1
1996	6	2	1	0.5	3.7	6.0	8.1	12.3	18.5
1996	6	2	2	13.9	23.7	26.4	29.8	34.6	51.0
1996	6	2	3	22.7	37.0	42.7	46.3	55.3	69.6
1996	6	2	4	23.5	33.7	38.2	41.8	49.1	70.7
1996	6	2	5	21.4	36.7	42.2	45.2	50.4	65.1
1996	6	2	6	20.1	30.2	35.0	40.8	46.3	59.8
1996	6	2	7	6.5	14.5	20.3	26.3	36.1	100.0
1996	6	2	8	0.0	0.0	0.0	1.8	4.7	38.7
1996	6	2	99	20.0	27.3	30.4	33.3	36.4	52.0
1996	6	3	1	0.0	0.0	0.0	0.0	0.0	32.6
1996	6	3	2	0.0	10.5	18.4	23.0	30.4	49.4
1996	6	3	3	27.1	40.7	47.2	54.5	60.7	75.7
1996	6	3	4	43.4	60.8	67.7	76.2	80.5	87.7
1996	6	3	5	56.8	73.4	79.2	81.6	85.9	94.8
1996	6	3	6	34.1	69.9	74.1	84.4	90.5	100.0
1996	6	3	7	0.0	38.5	50.0	56.9	64.7	94.1
1996	6	3	8	0.0	0.0	0.0	1.8	8.9	30.1
1996	6	3	99	42.3	51.6	56.0	59.8	63.0	77.5
1996	6	99	1	1.2	4.4	6.9	9.6	12.6	19.3
1996	6	99	2	14.4	23.2	25.0	28.3	33.0	50.7
1996	6	99	3	25.2	35.3	39.7	45.1	53.9	66.9
1996	6	99	4	26.7	35.9	41.1	45.5	53.0	72.9
1996	6	99	5	25.3	35.9	41.0	45.8	50.8	61.9
1996	6	99	6	16.0	25.7	29.9	35.2	38.4	62.0
1996	6	99	7	6.4	12.5	14.6	18.2	21.7	53.4
1996	6	99	8	0.0	0.4	0.7	1.0	1.6	9.4
1996	6	99	99	16.4	21.0	23.4	26.7	29.5	39.9
1996	99	1	1	0.0	12.3	20.2	23.7	30.9	56.6
1996	99	1	2	13.7	33.1	44.9	51.9	56.6	73.1
1996	99	1	3	7.2	37.1	44.9	49.4	57.5	63.4
1996	99	1	4	24.8	42.9	48.3	54.7	64.0	77.9
1996	99	1	5	34.5	47.3	52.7	57.4	63.2	74.3
1996	99	1	6	35.4	43.1	48.0	53.2	58.2	68.9
1996	99	1	7	19.1	25.2	28.6	31.8	35.3	59.2
1996	99	1	8	0.1	0.7	0.9	1.2	1.8	11.9
1996	99	1	99	19.4	24.4	27.3	29.6	31.2	41.0
1996	99	2	1	3.2	7.6	8.6	11.7	16.6	21.6
1996	99	2	2	24.2	30.7	34.6	38.7	44.6	59.5
1996	99	2	3	43.0	49.9	58.1	62.7	70.3	79.5
1996	99	2	4	46.5	57.4	61.9	65.1	70.4	86.2
1996	99	2	5	56.5	63.3	66.0	68.7	70.8	79.1
1996	99	2	6	53.9	62.3	64.4	67.0	71.6	85.3
1996	99	2	7	26.8	39.2	42.9	47.5	53.1	73.0
1996	99	2	8	0.0	0.0	1.5	3.2	5.5	17.9
1996	99	2	99	34.2	42.7	46.4	49.2	53.6	62.0
1996	99	3	1	0.0	0.0	0.0	0.0	0.0	100.0
1996	99	3	2	3.6	10.2	16.5	19.7	28.1	46.4
1996	99	3	3	27.3	43.8	49.0	54.5	59.5	77.9
1996	99	3	4	50.4	71.1	75.3	79.7	82.6	90.0
1996	99	3	5	77.0	84.2	86.3	88.8	91.3	94.4
1996	99	3	6	55.8	83.1	88.9	90.6	92.3	100.0
1996	99	3	7	36.1	53.8	64.3	68.9	76.6	88.0
1996	99	3	8	0.0	1.6	5.3	8.4	13.1	24.1
1996	99	3	99	52.8	59.3	62.9	65.1	67.9	77.3
1996	99	99	1	3.2	7.9	10.1	13.4	17.1	23.5
1996	99	99	2	22.7	29.9	33.5	37.7	41.5	56.2
1996	99	99	3	39.1	46.4	54.6	58.7	66.0	74.1
1996	99	99	4	44.7	57.7	61.0	64.7	70.9	83.9
1996	99	99	5	49.1	59.5	62.9	66.3	70.6	77.0
1996	99	99	6	42.9	51.6	56.0	60.0	63.6	72.3
1996	99	99	7	21.3	27.6	31.9	35.7	37.7	58.3
1996	99	99	8	0.1	0.9	1.1	1.6	2.0	12.0
1996	99	99	99	30.2	35.4	37.6	40.9	42.4	51.1
1997	1	1	1	0.0	13.0	19.8	29.1	34.4	67.6
1997	1	1	2	21.7	46.7	57.9	62.8	73.6	90.9
1997	1	1	3	26.9	56.1	61.5	70.1	79.6	90.4
1997	1	1	4	47.5	63.0	69.8	79.5	86.9	100.0
1997	1	1	5	57.9	70.5	77.6	82.0	87.3	94.6
1997	1	1	6	57.0	70.0	75.7	82.6	85.4	91.8
1997	1	1	7	33.3	41.0	45.4	53.5	57.8	66.4
1997	1	1	8	0.0	0.6	1.2	1.4	1.9	12.2
1997	1	1	99	34.7	38.7	42.4	46.0	48.3	50.5
1997	1	2	1	5.5	10.1	11.7	15.2	17.7	25.0
1997	1	2	2	28.7	37.7	45.1	49.6	57.7	66.2
1997	1	2	3	51.0	69.0	75.3	77.8	86.0	92.5
1997	1	2	4	67.7	77.9	83.6	86.8	90.8	95.8
1997	1	2	5	76.3	83.1	86.0	89.9	92.2	96.5
1997	1	2	6	74.7	81.5	86.8	89.0	92.8	100.0
1997	1	2	7	38.2	52.8	58.9	62.5	69.9	88.6
1997	1	2	8	0.0	0.0	1.5	4.7	7.7	18.1
1997	1	2	99	48.2	59.2	60.5	63.3	70.0	75.4
1997	1	3	1	0.0	0.0	0.0	0.0	60.3	100.0
1997	1	3	2	0.0	9.3	15.3	20.8	24.8	38.9
1997	1	3	3	7.8	42.9	50.9	56.5	70.8	100.0
1997	1	3	4	51.8	74.3	80.9	87.2	90.5	100.0
1997	1	3	5	88.1	93.1	94.5	96.1	98.0	100.0
1997	1	3	6	74.5	93.5	95.2	96.5	100.0	100.0
1997	1	3	7	15.9	63.5	69.9	78.8	84.0	100.0
1997	1	3	8	0.0	2.3	8.5	16.0	22.0	57.0
1997	1	3	99	54.9	67.2	69.5	72.3	76.3	82.8
1997	1	99	1	5.6	10.7	12.8	17.0	18.1	27.9
1997	1	99	2	27.9	36.6	42.8	49.0	54.1	64.6
1997	1	99	3	51.0	65.6	69.0	73.8	78.5	88.6
1997	1	99	4	62.2	75.1	80.0	83.9	88.4	94.2
1997	1	99	5	71.8	81.6	84.1	87.1	91.0	95.3
1997	1	99	6	67.8	76.5	80.2	86.7	88.5	93.1
1997	1	99	7	34.8	44.8	50.7	54.7	59.8	68.6
1997	1	99	8	0.0	1.5	1.8	2.1	2.5	12.7
1997	1	99	99	44.0	49.5	54.2	56.1	58.5	63.6
1997	6	1	1	0.0	3.3	12.8	19.0	24.2	54.9
1997	6	1	2	0.0	23.0	31.7	42.7	47.0	66.9
1997	6	1	3	4.0	16.3	25.7	32.1	42.0	100.0
1997	6	1	4	2.5	20.3	25.5	35.4	41.1	100.0
1997	6	1	5	12.8	23.7	30.7	34.6	40.1	64.8
1997	6	1	6	11.3	19.3	25.2	30.3	36.6	64.9
1997	6	1	7	5.1	10.5	14.1	16.8	21.6	49.7
1997	6	1	8	0.0	0.2	0.5	0.8	1.2	5.7
1997	6	1	99	7.8	11.3	13.0	15.5	18.8	33.2
1997	6	2	1	1.5	4.4	6.2	8.5	11.0	21.8
1997	6	2	2	8.4	23.0	26.1	31.5	37.2	54.5
1997	6	2	3	25.8	36.0	43.7	48.7	58.7	71.0
1997	6	2	4	26.8	36.5	41.8	47.5	52.1	64.0
1997	6	2	5	11.7	36.5	41.8	46.7	52.3	64.1
1997	6	2	6	0.0	30.6	36.1	40.8	49.5	65.5
1997	6	2	7	3.3	14.3	19.6	26.8	37.6	100.0
1997	6	2	8	0.0	0.0	0.0	1.4	4.8	34.7
1997	6	2	99	17.8	27.7	33.1	35.4	38.4	54.4
1997	6	3	1	0.0	0.0	0.0	48.8	54.5	100.0
1997	6	3	2	5.0	14.0	20.2	23.2	34.6	50.0
1997	6	3	3	24.1	42.0	47.2	52.2	62.4	83.6
1997	6	3	4	44.1	62.1	71.3	74.7	80.6	94.7
1997	6	3	5	61.3	72.3	78.1	81.6	85.8	94.6
1997	6	3	6	41.4	71.4	78.4	81.6	89.4	100.0
1997	6	3	7	0.0	34.2	45.5	55.5	67.6	95.2
1997	6	3	8	0.0	0.0	0.0	0.0	8.5	28.1
1997	6	3	99	46.8	52.4	55.5	60.2	65.4	78.0
1997	6	99	1	3.4	5.2	7.2	9.2	11.4	21.5
1997	6	99	2	9.1	22.0	26.0	31.0	35.4	49.8
1997	6	99	3	28.5	36.0	41.4	48.2	58.4	73.4
1997	6	99	4	28.6	37.9	45.1	49.8	55.0	66.8
1997	6	99	5	25.0	38.2	42.8	47.6	52.7	66.4
1997	6	99	6	13.3	27.0	32.6	37.0	42.0	64.2
1997	6	99	7	5.7	12.7	17.0	18.7	22.6	48.7
1997	6	99	8	0.0	0.3	0.7	1.0	1.5	6.0
1997	6	99	99	14.2	21.7	24.4	28.0	31.4	41.1
1997	99	1	1	0.0	11.3	19.6	23.4	30.9	55.5
1997	99	1	2	19.5	39.5	46.5	53.9	60.9	82.9
1997	99	1	3	19.9	40.9	46.8	51.1	61.8	81.2
1997	99	1	4	26.6	45.9	50.9	59.8	66.1	100.0
1997	99	1	5	35.2	46.8	54.0	57.7	65.9	75.5
1997	99	1	6	36.1	44.5	48.9	55.1	58.0	72.3
1997	99	1	7	19.8	24.0	30.8	33.1	37.1	51.7
1997	99	1	8	0.0	0.6	0.8	1.1	1.4	8.6
1997	99	1	99	20.3	24.4	25.8	29.5	32.0	39.1
1997	99	2	1	4.4	7.2	9.4	11.4	13.9	23.2
1997	99	2	2	21.9	31.6	35.6	41.6	45.7	60.2
1997	99	2	3	40.3	52.9	59.9	64.4	71.8	81.9
1997	99	2	4	49.1	58.1	63.4	67.0	72.2	80.4
1997	99	2	5	53.9	63.1	65.5	68.5	73.4	79.1
1997	99	2	6	57.1	60.6	64.9	67.6	71.5	79.6
1997	99	2	7	27.8	39.7	44.1	48.1	54.5	68.8
1997	99	2	8	0.0	0.0	1.7	4.0	7.3	18.2
1997	99	2	99	36.9	43.9	47.4	49.4	55.0	64.5
1997	99	3	1	0.0	0.0	0.0	18.9	56.5	100.0
1997	99	3	2	3.2	14.7	19.0	21.5	29.4	42.6
1997	99	3	3	24.0	44.2	49.1	55.4	63.8	83.3
1997	99	3	4	56.4	69.1	74.5	78.9	83.3	96.3
1997	99	3	5	80.0	83.7	85.4	88.5	90.0	96.0
1997	99	3	6	71.6	84.9	87.9	90.5	93.4	98.9
1997	99	3	7	15.9	58.5	63.4	66.8	72.4	94.0
1997	99	3	8	0.0	3.4	6.5	10.3	13.9	37.8
1997	99	3	99	52.1	59.9	63.2	64.7	70.1	76.8
1997	99	99	1	5.2	8.2	10.8	12.5	15.3	24.3
1997	99	99	2	22.5	30.7	35.7	40.1	43.4	56.2
1997	99	99	3	40.8	51.9	56.0	61.0	67.1	81.5
1997	99	99	4	45.9	58.0	62.8	66.5	72.0	80.8
1997	99	99	5	49.0	59.8	64.3	66.8	72.5	78.7
1997	99	99	6	45.7	53.0	57.1	61.5	64.1	75.7
1997	99	99	7	21.1	28.1	33.6	36.6	40.5	51.9
1997	99	99	8	0.0	0.9	1.1	1.6	1.9	9.0
1997	99	99	99	30.7	36.2	38.6	41.6	43.9	52.1
1998	1	1	1	0.0	13.2	18.2	30.2	40.3	81.2
1998	1	1	2	31.6	46.8	59.0	70.4	82.0	100.0
1998	1	1	3	24.9	58.3	68.2	74.1	80.3	93.5
1998	1	1	4	43.3	64.3	70.2	76.8	82.3	96.3
1998	1	1	5	62.7	73.3	78.3	84.8	88.7	96.2
1998	1	1	6	57.6	69.8	76.9	82.9	87.2	93.3
1998	1	1	7	30.9	42.1	47.0	53.0	57.1	71.6
1998	1	1	8	0.2	0.7	1.2	1.6	2.4	9.5
1998	1	1	99	32.9	40.1	42.5	45.3	48.4	51.4
1998	1	2	1	1.8	10.7	12.5	16.2	23.5	35.4
1998	1	2	2	32.9	38.5	45.8	50.1	57.9	73.4
1998	1	2	3	54.2	69.7	77.0	83.1	86.9	95.9
1998	1	2	4	69.8	79.6	84.7	88.6	93.9	96.4
1998	1	2	5	75.5	85.3	88.4	91.5	93.8	96.3
1998	1	2	6	72.5	82.0	86.1	90.6	92.5	95.1
1998	1	2	7	31.3	54.3	59.6	64.3	68.7	87.4
1998	1	2	8	0.0	0.0	1.7	3.8	6.8	32.1
1998	1	2	99	49.7	59.6	64.3	66.9	72.0	75.9
1998	1	3	1	0.0	0.0	0.0	0.0	0.0	0.0
1998	1	3	2	0.0	10.9	14.9	18.1	25.9	57.0
1998	1	3	3	31.7	42.6	51.5	61.0	66.3	83.8
1998	1	3	4	54.0	78.1	84.4	89.7	94.2	100.0
1998	1	3	5	75.3	91.4	94.1	95.3	97.8	100.0
1998	1	3	6	72.4	90.4	92.7	95.3	98.8	100.0
1998	1	3	7	6.6	67.6	75.0	80.9	85.0	100.0
1998	1	3	8	0.0	2.7	8.7	13.8	20.8	55.0
1998	1	3	99	56.8	67.8	70.3	72.8	76.5	85.1
1998	1	99	1	3.8	11.5	14.2	18.1	25.5	36.4
1998	1	99	2	33.5	38.4	44.0	49.3	56.8	70.2
1998	1	99	3	54.2	66.5	71.1	75.1	82.4	88.2
1998	1	99	4	66.0	77.1	81.4	85.3	91.1	95.8
1998	1	99	5	71.8	83.1	84.9	89.2	92.2	95.3
1998	1	99	6	65.9	77.0	80.7	85.7	89.6	93.8
1998	1	99	7	31.6	45.8	52.2	56.7	60.3	71.5
1998	1	99	8	0.5	1.3	1.7	2.4	3.0	11.5
1998	1	99	99	46.8	50.0	55.3	58.2	60.3	65.1
1998	6	1	1	0.0	2.4	7.7	14.2	20.7	59.6
1998	6	1	2	0.0	17.3	26.9	36.7	47.9	75.2
1998	6	1	3	0.0	16.9	26.5	36.7	50.2	100.0
1998	6	1	4	0.0	19.7	26.9	34.7	42.3	73.0
1998	6	1	5	13.5	24.0	30.3	36.7	42.2	70.6
1998	6	1	6	13.5	19.1	24.3	28.7	34.4	56.0
1998	6	1	7	5.2	10.8	13.5	15.8	23.7	46.6
1998	6	1	8	0.0	0.4	0.6	0.8	1.1	3.1
1998	6	1	99	8.2	11.0	13.1	14.5	18.2	29.7
1998	6	2	1	1.1	4.5	6.1	8.8	11.3	23.2
1998	6	2	2	8.7	23.1	28.1	32.0	37.2	55.1
1998	6	2	3	30.6	36.5	44.0	51.8	62.5	70.3
1998	6	2	4	13.8	36.5	43.0	49.3	55.1	71.4
1998	6	2	5	23.9	38.6	42.9	47.7	54.2	60.5
1998	6	2	6	15.2	30.9	38.2	42.7	49.2	66.3
1998	6	2	7	0.0	15.1	20.0	27.9	32.8	60.0
1998	6	2	8	0.0	0.0	0.0	1.5	2.9	21.7
1998	6	2	99	19.2	29.8	33.5	37.7	41.7	54.5
1998	6	3	1	0.0	0.0	0.0	0.0	29.5	100.0
1998	6	3	2	9.2	16.6	20.5	26.8	36.5	52.3
1998	6	3	3	24.2	43.4	49.1	58.5	65.1	75.2
1998	6	3	4	43.5	63.7	68.6	73.9	78.5	93.6
1998	6	3	5	62.8	72.1	76.3	81.6	88.3	95.6
1998	6	3	6	53.2	74.5	78.9	83.4	88.6	100.0
1998	6	3	7	0.0	40.7	50.2	61.5	67.3	100.0
1998	6	3	8	0.0	0.0	0.0	1.4	12.7	33.9
1998	6	3	99	47.4	53.4	56.8	61.1	66.2	73.8
1998	6	99	1	1.1	4.9	6.7	9.5	11.9	23.7
1998	6	99	2	11.2	22.2	27.2	32.8	36.0	49.1
1998	6	99	3	30.3	36.6	45.0	49.1	60.5	67.8
1998	6	99	4	21.6	38.4	46.2	52.5	57.8	73.3
1998	6	99	5	24.5	39.5	43.4	49.7	54.5	65.4
1998	6	99	6	20.1	26.2	32.7	37.6	41.2	58.8
1998	6	99	7	6.3	13.4	16.0	18.5	25.0	47.0
1998	6	99	8	0.0	0.5	0.7	0.9	1.3	3.1
1998	6	99	99	15.2	22.7	25.4	28.7	32.4	40.2
1998	99	1	1	0.0	10.8	14.5	22.4	36.9	52.5
1998	99	1	2	23.0	37.5	48.8	55.1	66.9	84.6
1998	99	1	3	30.2	42.9	49.5	55.9	66.6	81.9
1998	99	1	4	18.2	45.0	51.3	58.4	62.3	82.2
1998	99	1	5	37.1	50.0	53.9	59.6	63.2	78.1
1998	99	1	6	33.5	44.9	50.5	53.9	58.4	69.3
1998	99	1	7	18.2	24.6	30.8	33.3	38.7	49.6
1998	99	1	8	0.2	0.7	0.8	1.2	1.6	5.9
1998	99	1	99	20.5	23.9	26.4	29.2	31.9	36.3
1998	99	2	1	1.7	7.6	9.7	12.8	16.9	26.1
1998	99	2	2	20.6	31.5	37.1	42.1	50.1	58.8
1998	99	2	3	41.8	54.1	62.1	68.3	75.2	83.2
1998	99	2	4	47.8	60.4	65.1	69.9	73.4	83.3
1998	99	2	5	54.3	64.6	66.2	70.2	74.9	78.1
1998	99	2	6	52.4	62.7	64.9	68.9	71.3	83.5
1998	99	2	7	24.9	39.7	44.1	48.5	53.1	74.3
1998	99	2	8	0.0	0.5	1.5	3.1	5.2	17.2
1998	99	2	99	35.9	46.3	49.6	52.9	58.0	65.5
1998	99	3	1	0.0	0.0	0.0	0.0	24.4	100.0
1998	99	3	2	9.2	16.0	19.8	23.7	33.8	49.7
1998	99	3	3	35.6	45.5	49.3	56.2	65.3	78.3
1998	99	3	4	53.6	71.1	75.6	78.6	83.1	95.1
1998	99	3	5	73.8	82.5	84.6	87.8	91.3	95.7
1998	99	3	6	72.9	84.2	87.7	90.2	92.6	97.4
1998	99	3	7	16.0	61.1	67.2	71.6	75.7	100.0
1998	99	3	8	0.0	3.0	8.1	10.3	14.3	36.4
1998	99	3	99	51.6	60.6	64.0	65.9	71.0	77.3
1998	99	99	1	2.9	8.6	10.3	13.5	19.5	27.5
1998	99	99	2	21.7	32.2	35.0	41.1	46.9	55.6
1998	99	99	3	42.5	51.7	57.7	62.4	71.8	78.2
1998	99	99	4	47.4	60.0	64.6	69.2	73.0	82.4
1998	99	99	5	49.3	60.7	66.3	68.6	73.3	79.4
1998	99	99	6	42.6	54.7	58.4	61.5	64.3	74.4
1998	99	99	7	19.3	28.8	35.3	37.3	41.1	50.5
1998	99	99	8	0.4	1.0	1.2	1.6	1.9	6.1
1998	99	99	99	31.2	36.7	40.1	43.0	45.2	52.6
1999	1	1	1	0.0	13.6	18.9	26.7	33.3	55.1
1999	1	1	2	27.1	54.5	60.6	70.8	79.7	100.0
1999	1	1	3	38.0	63.1	70.1	75.3	82.5	100.0
1999	1	1	4	36.6	68.9	74.8	80.5	87.5	100.0
1999	1	1	5	62.2	73.4	80.5	83.4	89.6	95.5
1999	1	1	6	57.1	70.5	78.4	83.7	87.6	94.3
1999	1	1	7	31.6	43.5	48.1	53.5	56.3	75.3
1999	1	1	8	0.0	0.9	1.3	1.7	2.5	6.8
1999	1	1	99	33.3	38.5	41.5	44.6	48.4	52.2
1999	1	2	1	7.2	11.5	15.0	19.2	26.0	39.2
1999	1	2	2	36.3	45.8	48.6	55.3	59.6	68.0
1999	1	2	3	57.2	73.3	79.4	83.4	88.0	95.6
1999	1	2	4	73.4	85.3	88.2	90.3	94.0	95.7
1999	1	2	5	80.8	86.1	90.2	92.4	94.6	98.6
1999	1	2	6	71.8	84.1	87.8	90.6	92.8	98.7
1999	1	2	7	34.0	50.7	57.9	63.1	71.7	80.0
1999	1	2	8	0.0	0.0	3.3	4.5	6.9	23.3
1999	1	2	99	54.2	62.8	67.1	69.8	74.1	79.8
1999	1	3	1	0.0	0.0	0.0	0.0	0.0	100.0
1999	1	3	2	0.0	15.7	20.3	26.9	38.3	71.5
1999	1	3	3	17.9	47.1	54.4	58.7	70.3	83.1
1999	1	3	4	58.6	79.4	85.0	90.1	93.9	100.0
1999	1	3	5	83.8	92.3	95.8	97.4	98.4	100.0
1999	1	3	6	80.9	90.1	92.8	97.2	100.0	100.0
1999	1	3	7	47.1	65.7	72.8	80.2	84.3	100.0
1999	1	3	8	0.0	6.7	11.9	18.4	26.6	61.0
1999	1	3	99	56.4	67.4	72.3	75.6	78.2	83.7
1999	1	99	1	7.3	13.8	16.4	21.0	27.3	40.2
1999	1	99	2	36.8	43.4	48.6	53.9	57.9	69.1
1999	1	99	3	55.1	66.9	72.2	78.0	84.4	90.2
1999	1	99	4	67.8	81.9	84.6	88.4	91.8	96.0
1999	1	99	5	76.6	83.2	87.7	90.3	92.8	97.6
1999	1	99	6	69.2	78.0	82.0	87.2	90.0	95.6
1999	1	99	7	37.6	46.0	51.4	55.5	59.2	72.5
1999	1	99	8	0.7	1.5	2.2	2.9	3.4	12.8
1999	1	99	99	45.2	52.3	56.0	60.2	62.3	67.1
1999	6	1	1	0.0	2.4	9.0	14.5	20.8	62.1
1999	6	1	2	0.0	25.4	32.3	42.0	55.4	100.0
1999	6	1	3	0.0	18.9	31.1	39.6	45.9	79.2
1999	6	1	4	0.0	18.9	25.7	36.7	45.3	64.8
1999	6	1	5	16.0	24.7	32.0	37.8	43.0	59.3
1999	6	1	6	11.8	20.7	24.8	29.6	35.4	59.3
1999	6	1	7	0.0	11.2	13.1	15.7	20.3	44.2
1999	6	1	8	0.0	0.3	0.6	0.9	1.5	2.4
1999	6	1	99	8.7	11.1	12.7	14.7	18.8	26.8
1999	6	2	1	1.3	6.1	8.0	11.4	14.4	26.9
1999	6	2	2	16.1	25.4	30.6	35.1	43.2	59.4
1999	6	2	3	29.7	42.4	47.4	54.6	63.9	80.2
1999	6	2	4	26.1	39.4	44.7	51.4	59.6	72.3
1999	6	2	5	27.6	38.5	44.5	49.2	54.6	70.7
1999	6	2	6	16.8	33.4	38.5	45.3	53.2	68.3
1999	6	2	7	0.0	16.9	21.2	27.1	31.7	59.6
1999	6	2	8	0.0	0.0	0.0	2.2	5.8	21.8
1999	6	2	99	22.5	30.3	35.7	39.1	45.0	57.2
1999	6	3	1	0.0	0.0	0.0	0.0	38.2	100.0
1999	6	3	2	10.0	18.8	25.4	30.6	38.8	62.8
1999	6	3	3	31.4	48.0	54.5	59.7	68.0	79.5
1999	6	3	4	55.2	61.8	73.2	77.0	81.0	96.7
1999	6	3	5	59.4	75.2	77.4	82.0	84.4	96.0
1999	6	3	6	65.0	71.8	77.2	83.8	87.6	100.0
1999	6	3	7	0.0	41.5	52.1	57.3	65.3	95.8
1999	6	3	8	0.0	0.0	0.0	1.4	8.8	19.8
1999	6	3	99	51.5	55.1	59.2	63.1	65.5	76.7
1999	6	99	1	2.6	5.6	8.6	12.2	14.9	26.6
1999	6	99	2	16.8	25.5	29.5	33.8	41.0	54.8
1999	6	99	3	30.9	42.3	47.8	53.5	64.1	73.1
1999	6	99	4	27.2	38.1	48.4	55.7	60.6	70.1
1999	6	99	5	30.2	39.1	44.7	51.5	56.6	64.7
1999	6	99	6	16.7	28.0	33.8	38.5	44.1	63.0
1999	6	99	7	5.2	13.4	15.3	19.3	25.3	44.8
1999	6	99	8	0.0	0.5	0.8	1.1	1.5	2.6
1999	6	99	99	17.1	22.6	26.5	30.4	34.4	43.4
1999	99	1	1	0.0	11.1	15.5	21.2	26.2	48.5
1999	99	1	2	22.4	41.7	51.0	60.7	66.7	85.3
1999	99	1	3	28.7	42.9	52.2	60.2	68.6	87.0
1999	99	1	4	20.9	45.4	55.8	62.2	66.3	80.3
1999	99	1	5	40.6	50.4	56.6	60.1	66.2	75.8
1999	99	1	6	34.4	46.8	51.2	55.0	58.5	70.3
1999	99	1	7	19.3	24.7	30.0	32.9	37.4	46.2
1999	99	1	8	0.2	0.7	1.0	1.2	1.7	3.6
1999	99	1	99	21.7	23.7	26.1	28.7	31.1	36.8
1999	99	2	1	4.7	9.3	11.9	13.9	19.8	32.4
1999	99	2	2	28.6	36.0	40.8	45.6	52.1	64.2
1999	99	2	3	46.2	58.7	65.1	70.7	76.8	88.8
1999	99	2	4	49.2	63.7	68.1	71.1	76.0	85.2
1999	99	2	5	57.6	63.8	68.7	70.9	75.1	82.9
1999	99	2	6	54.2	62.6	66.4	70.8	73.2	83.4
1999	99	2	7	24.9	37.6	42.8	49.5	54.3	63.4
1999	99	2	8	0.0	1.4	2.8	3.9	6.3	16.5
1999	99	2	99	39.0	48.1	53.0	55.2	60.4	67.6
1999	99	3	1	0.0	0.0	0.0	0.0	26.8	100.0
1999	99	3	2	7.5	19.0	24.8	30.6	37.7	59.2
1999	99	3	3	29.3	49.4	53.7	59.2	67.7	78.4
1999	99	3	4	64.5	73.5	76.5	81.0	86.0	94.2
1999	99	3	5	74.6	83.1	86.4	88.8	90.9	96.0
1999	99	3	6	73.4	84.1	86.4	90.3	92.7	97.9
1999	99	3	7	32.1	59.3	64.5	69.6	73.0	91.2
1999	99	3	8	0.0	5.1	8.2	13.2	17.9	41.1
1999	99	3	99	54.5	61.8	64.9	68.1	70.8	77.8
1999	99	99	1	5.6	9.6	13.2	15.1	20.6	32.7
1999	99	99	2	28.0	35.9	40.0	44.5	50.7	61.0
1999	99	99	3	42.0	55.6	59.5	66.7	74.5	80.9
1999	99	99	4	48.2	61.2	67.5	70.9	76.5	84.1
1999	99	99	5	54.4	62.9	67.5	70.3	74.1	81.5
1999	99	99	6	45.4	55.4	59.5	63.5	65.9	74.5
1999	99	99	7	25.2	29.5	34.9	37.3	40.2	48.3
1999	99	99	8	0.4	1.0	1.4	1.8	2.3	5.9
1999	99	99	99	31.1	38.0	39.9	44.5	48.1	55.4
2000	1	1	1	0.0	10.9	16.4	25.4	32.5	45.8
2000	1	1	2	28.8	55.7	64.0	71.0	80.5	100.0
2000	1	1	3	30.5	61.3	69.6	76.5	82.1	96.6
2000	1	1	4	47.1	67.1	76.2	80.5	87.4	100.0
2000	1	1	5	60.2	75.5	81.3	85.2	88.9	97.6
2000	1	1	6	65.6	72.8	78.9	84.3	87.1	96.8
2000	1	1	7	31.6	42.2	49.6	54.9	59.2	70.3
2000	1	1	8	0.0	0.6	1.2	1.7	2.2	6.8
2000	1	1	99	33.2	37.9	40.7	43.5	46.5	54.3
2000	1	2	1	3.3	14.3	18.8	23.0	29.6	42.7
2000	1	2	2	33.9	44.5	50.6	55.8	61.3	73.0
2000	1	2	3	63.4	75.4	79.2	87.3	90.8	95.9
2000	1	2	4	77.5	84.6	88.5	92.6	95.1	98.7
2000	1	2	5	76.1	86.4	89.7	93.0	94.7	99.1
2000	1	2	6	72.0	81.3	86.8	89.3	92.2	98.3
2000	1	2	7	32.8	54.8	60.0	66.8	71.8	89.2
2000	1	2	8	0.0	0.0	1.0	3.2	7.3	29.8
2000	1	2	99	53.8	62.8	67.2	71.5	74.8	79.8
2000	1	3	1	0.0	0.0	14.8	46.7	56.9	100.0
2000	1	3	2	7.1	36.4	41.9	45.5	60.4	80.9
2000	1	3	3	38.2	63.9	67.8	72.6	77.9	89.7
2000	1	3	4	75.4	85.2	89.2	91.6	94.4	100.0
2000	1	3	5	87.3	93.5	95.4	97.0	98.1	100.0
2000	1	3	6	77.4	90.6	93.8	96.6	98.2	100.0
2000	1	3	7	40.2	61.7	65.8	70.6	80.0	100.0
2000	1	3	8	0.0	4.9	12.0	14.3	21.3	54.3
2000	1	3	99	68.1	72.7	76.2	78.3	81.4	86.8
2000	1	99	1	4.8	17.2	19.0	22.2	29.3	42.1
2000	1	99	2	41.0	46.3	51.7	55.9	60.9	71.5
2000	1	99	3	61.7	71.2	75.5	81.2	84.9	90.9
2000	1	99	4	72.1	82.3	86.6	90.7	93.1	96.2
2000	1	99	5	75.8	84.4	89.4	91.5	93.7	97.8
2000	1	99	6	73.8	80.0	83.7	87.5	90.8	96.9
2000	1	99	7	39.5	47.6	52.5	58.0	62.1	75.1
2000	1	99	8	0.2	1.5	2.1	2.7	3.4	7.5
2000	1	99	99	49.9	54.3	57.4	61.9	63.4	68.5
2000	6	1	1	0.0	0.0	5.1	9.5	16.4	32.1
2000	6	1	2	0.0	14.9	31.6	40.6	52.9	100.0
2000	6	1	3	0.0	22.1	29.9	39.7	51.9	100.0
2000	6	1	4	0.0	20.0	25.6	36.2	49.7	80.0
2000	6	1	5	15.8	28.0	33.4	40.3	45.4	60.4
2000	6	1	6	7.0	19.2	29.7	33.0	38.3	60.2
2000	6	1	7	0.0	11.0	13.6	17.3	21.2	46.7
2000	6	1	8	0.0	0.3	0.5	0.7	1.1	6.9
2000	6	1	99	6.2	11.9	13.1	14.8	17.4	27.5
2000	6	2	1	1.0	6.3	8.0	10.7	17.7	25.0
2000	6	2	2	15.0	26.0	32.2	36.2	43.9	62.9
2000	6	2	3	24.6	41.7	49.4	56.2	61.1	78.1
2000	6	2	4	24.6	41.5	46.5	53.4	57.1	68.7
2000	6	2	5	26.6	39.3	45.1	49.5	57.3	71.3
2000	6	2	6	16.8	35.6	41.0	46.8	49.2	64.6
2000	6	2	7	6.0	15.9	23.4	28.5	32.6	51.6
2000	6	2	8	0.0	0.0	0.0	0.8	3.6	31.1
2000	6	2	99	24.0	31.6	36.1	40.1	42.6	52.7
2000	6	3	1	0.0	0.0	14.7	33.2	63.9	100.0
2000	6	3	2	14.7	27.5	35.4	40.4	49.1	63.6
2000	6	3	3	30.6	51.0	55.5	65.0	76.6	87.1
2000	6	3	4	53.6	66.4	70.4	74.8	82.2	95.9
2000	6	3	5	62.3	70.4	77.2	79.6	83.6	88.5
2000	6	3	6	62.6	72.0	75.9	81.2	86.9	94.9
2000	6	3	7	18.6	41.3	48.2	55.8	64.8	100.0
2000	6	3	8	0.0	0.0	0.0	0.0	5.6	18.8
2000	6	3	99	51.4	57.1	61.4	65.6	69.3	76.3
2000	6	99	1	1.6	6.1	8.2	10.1	17.0	25.7
2000	6	99	2	18.3	29.7	32.9	38.1	42.2	56.6
2000	6	99	3	31.2	45.0	50.4	57.0	66.7	79.8
2000	6	99	4	31.3	41.5	52.3	58.6	62.1	71.1
2000	6	99	5	30.6	43.1	49.8	55.5	58.9	67.4
2000	6	99	6	21.4	30.2	38.0	42.9	46.9	63.1
2000	6	99	7	8.0	14.3	17.6	19.9	25.0	45.5
2000	6	99	8	0.0	0.3	0.6	0.8	1.2	6.7
2000	6	99	99	17.6	25.4	28.4	32.7	36.4	45.1
2000	99	1	1	0.0	8.6	12.7	19.3	23.5	37.5
2000	99	1	2	28.1	42.5	51.2	57.8	65.0	89.2
2000	99	1	3	10.7	45.4	50.4	61.3	65.6	90.8
2000	99	1	4	37.5	47.3	54.5	61.0	67.8	83.3
2000	99	1	5	40.9	51.2	59.2	62.6	67.4	75.3
2000	99	1	6	26.1	48.1	53.0	57.1	62.5	71.1
2000	99	1	7	7.6	26.7	31.5	35.4	37.2	50.6
2000	99	1	8	0.1	0.4	0.7	1.1	1.6	6.9
2000	99	1	99	17.3	24.3	25.7	28.2	30.0	37.6
2000	99	2	1	5.8	10.5	12.8	16.1	24.8	34.6
2000	99	2	2	28.4	38.8	42.3	46.4	52.9	68.6
2000	99	2	3	48.6	61.6	67.1	72.4	77.4	84.6
2000	99	2	4	49.9	63.7	68.8	72.9	76.2	84.7
2000	99	2	5	55.0	64.3	68.3	72.3	75.2	82.6
2000	99	2	6	47.5	61.2	64.9	69.4	73.4	77.3
2000	99	2	7	24.5	40.5	43.9	47.9	52.7	71.3
2000	99	2	8	0.0	0.0	1.4	3.4	6.4	18.1
2000	99	2	99	40.0	47.7	52.9	56.5	59.9	64.8
2000	99	3	1	0.0	0.0	20.0	29.5	60.5	100.0
2000	99	3	2	12.2	32.2	37.2	43.8	50.9	62.5
2000	99	3	3	39.8	55.7	61.6	68.3	77.0	88.1
2000	99	3	4	69.8	76.4	79.8	82.0	87.2	92.9
2000	99	3	5	78.5	83.6	86.1	88.1	89.8	93.2
2000	99	3	6	80.0	85.0	87.5	89.5	92.4	97.8
2000	99	3	7	40.3	54.3	62.0	65.4	70.8	90.5
2000	99	3	8	0.0	3.8	7.9	11.7	14.4	33.9
2000	99	3	99	60.6	64.5	68.5	71.8	75.3	80.2
2000	99	99	1	5.2	11.6	14.0	15.8	23.2	34.4
2000	99	99	2	30.9	39.8	42.1	47.1	51.9	63.8
2000	99	99	3	50.2	58.4	63.2	69.3	75.4	82.7
2000	99	99	4	54.1	63.8	68.9	74.3	77.4	84.0
2000	99	99	5	56.4	64.0	69.2	73.6	77.0	81.8
2000	99	99	6	48.8	55.7	61.6	64.8	69.3	75.7
2000	99	99	7	24.5	30.7	36.0	39.3	43.3	50.4
2000	99	99	8	0.3	0.9	1.2	1.6	2.2	7.1
2000	99	99	99	34.0	39.4	42.6	46.4	49.1	56.9
2001	1	1	1	0.0	9.8	19.5	26.8	39.9	63.5
2001	1	1	2	27.8	59.5	66.3	74.2	84.2	100.0
2001	1	1	3	38.6	66.0	73.9	80.7	84.4	100.0
2001	1	1	4	33.5	63.6	69.8	78.8	85.0	100.0
2001	1	1	5	27.6	74.9	79.3	84.8	89.1	97.0
2001	1	1	6	58.8	73.7	81.0	82.7	87.0	95.1
2001	1	1	7	33.4	45.1	49.6	55.8	63.0	69.9
2001	1	1	8	0.0	0.8	1.3	1.5	2.4	6.2
2001	1	1	99	20.7	37.7	40.6	43.7	46.7	53.4
2001	1	2	1	8.5	16.0	18.4	23.7	28.8	49.7
2001	1	2	2	36.7	46.4	50.7	56.7	61.0	79.0
2001	1	2	3	57.7	76.8	81.5	85.3	88.5	96.1
2001	1	2	4	69.6	84.7	88.2	90.8	93.9	97.9
2001	1	2	5	78.6	86.7	89.5	91.4	94.5	97.4
2001	1	2	6	73.8	83.1	86.7	89.1	91.2	97.3
2001	1	2	7	35.4	53.7	59.0	64.2	69.0	80.6
2001	1	2	8	0.0	0.0	1.5	4.4	8.6	29.4
2001	1	2	99	56.3	64.6	68.0	72.9	75.7	79.8
2001	1	3	1	0.0	13.8	41.4	64.9	100.0	100.0
2001	1	3	2	15.3	35.7	47.7	51.3	57.6	74.7
2001	1	3	3	40.6	63.2	71.0	75.9	81.3	92.2
2001	1	3	4	75.3	84.3	90.1	94.5	96.1	100.0
2001	1	3	5	86.2	92.9	95.1	96.4	98.2	100.0
2001	1	3	6	85.3	91.4	94.4	96.5	98.5	100.0
2001	1	3	7	21.5	60.9	70.8	75.3	79.4	95.7
2001	1	3	8	0.0	5.4	9.3	12.0	16.0	61.0
2001	1	3	99	68.9	73.4	77.0	79.9	83.2	85.9
2001	1	99	1	9.0	16.4	19.6	24.6	31.7	46.7
2001	1	99	2	38.4	48.6	51.3	57.9	61.3	74.6
2001	1	99	3	60.8	71.0	76.8	82.3	85.5	92.9
2001	1	99	4	75.3	81.3	86.9	90.5	91.7	96.7
2001	1	99	5	78.8	84.0	88.8	91.1	93.0	96.6
2001	1	99	6	76.4	79.7	83.9	87.4	89.5	96.3
2001	1	99	7	41.7	51.1	55.7	60.9	64.4	74.8
2001	1	99	8	0.0	1.3	2.0	2.6	3.2	10.1
2001	1	99	99	50.6	55.0	57.5	61.8	64.4	71.9
2001	6	1	1	0.0	0.0	6.1	9.7	16.9	100.0
2001	6	1	2	0.0	18.3	38.3	47.2	57.1	86.8
2001	6	1	3	0.0	11.4	33.9	39.1	53.9	100.0
2001	6	1	4	0.0	22.3	30.5	39.5	48.9	86.3
2001	6	1	5	8.1	29.7	33.3	40.8	45.4	62.0
2001	6	1	6	7.2	24.1	29.9	33.2	39.0	64.7
2001	6	1	7	1.7	11.4	15.2	18.2	20.5	47.6
2001	6	1	8	0.0	0.3	0.5	0.7	1.1	5.2
2001	6	1	99	4.8	11.2	12.7	15.1	18.6	27.6
2001	6	2	1	1.1	4.8	9.5	11.9	14.9	34.0
2001	6	2	2	11.3	24.7	29.9	35.9	43.9	60.2
2001	6	2	3	35.0	45.2	51.6	57.2	63.7	73.3
2001	6	2	4	28.5	40.8	48.7	53.8	59.5	77.6
2001	6	2	5	31.7	39.8	46.7	52.3	58.4	70.8
2001	6	2	6	29.3	39.5	42.4	46.2	51.1	63.2
2001	6	2	7	0.0	19.4	26.0	30.3	37.5	57.5
2001	6	2	8	0.0	0.0	0.0	0.9	3.0	11.7
2001	6	2	99	27.3	33.2	38.6	41.5	43.9	52.6
2001	6	3	1	0.0	0.0	19.2	43.5	67.7	100.0
2001	6	3	2	7.9	28.4	31.6	42.9	50.7	70.0
2001	6	3	3	45.9	56.9	63.1	69.7	73.2	89.6
2001	6	3	4	56.6	66.4	71.9	76.1	79.5	92.7
2001	6	3	5	63.8	70.5	72.7	79.6	82.2	94.8
2001	6	3	6	64.9	74.0	76.4	80.6	83.7	100.0
2001	6	3	7	14.9	43.0	52.5	59.3	68.0	100.0
2001	6	3	8	0.0	0.0	0.0	0.0	6.4	32.4
2001	6	3	99	51.9	59.0	63.1	67.0	69.6	83.6
2001	6	99	1	1.0	6.6	9.6	12.7	14.6	34.0
2001	6	99	2	13.3	27.4	32.1	38.1	46.2	59.6
2001	6	99	3	40.5	48.2	55.4	58.9	68.4	77.5
2001	6	99	4	36.2	45.0	52.7	58.8	63.8	73.9
2001	6	99	5	33.3	44.9	49.9	56.9	61.2	72.9
2001	6	99	6	21.2	34.3	39.0	44.2	50.8	66.3
2001	6	99	7	11.0	15.6	19.6	22.0	25.6	47.7
2001	6	99	8	0.0	0.5	0.6	0.7	1.2	5.2
2001	6	99	99	20.6	26.1	29.9	33.6	37.4	47.6
2001	99	1	1	0.0	8.3	15.7	20.4	27.0	63.2
2001	99	1	2	16.1	48.4	56.3	61.4	70.1	100.0
2001	99	1	3	7.3	48.1	56.5	62.4	73.1	96.4
2001	99	1	4	27.4	47.2	53.3	58.2	69.1	85.3
2001	99	1	5	23.0	51.3	59.2	63.0	67.4	78.9
2001	99	1	6	28.6	48.1	54.0	56.7	61.0	69.5
2001	99	1	7	10.9	28.8	32.4	35.1	38.1	54.9
2001	99	1	8	0.0	0.5	0.8	1.1	1.6	5.7
2001	99	1	99	13.9	23.3	26.1	28.2	29.9	37.8
2001	99	2	1	5.8	10.8	13.7	16.8	21.8	41.6
2001	99	2	2	27.7	38.0	41.4	46.5	52.1	70.2
2001	99	2	3	54.1	61.4	66.8	73.7	77.7	85.0
2001	99	2	4	52.3	65.9	69.3	73.0	77.0	85.1
2001	99	2	5	56.8	64.4	69.6	72.6	75.1	85.4
2001	99	2	6	55.6	63.4	66.2	68.8	73.4	79.5
2001	99	2	7	32.4	40.4	44.3	49.8	54.9	63.3
2001	99	2	8	0.0	0.0	1.7	3.4	6.1	19.4
2001	99	2	99	42.4	50.5	54.5	57.9	60.5	65.3
2001	99	3	1	0.0	6.7	33.4	52.3	78.5	100.0
2001	99	3	2	16.5	32.5	38.5	46.7	52.9	69.5
2001	99	3	3	49.5	59.8	67.7	71.8	75.5	87.7
2001	99	3	4	68.7	75.4	79.9	84.2	86.8	93.4
2001	99	3	5	76.5	81.9	84.1	87.5	88.9	98.0
2001	99	3	6	80.0	85.2	87.1	89.2	91.5	100.0
2001	99	3	7	18.7	57.4	63.3	68.2	73.8	97.0
2001	99	3	8	0.0	4.1	6.4	9.2	12.3	31.7
2001	99	3	99	60.2	66.5	70.4	72.6	76.0	84.7
2001	99	99	1	6.9	11.8	14.3	18.3	22.7	40.1
2001	99	99	2	29.7	39.0	43.1	47.1	53.9	66.8
2001	99	99	3	52.2	60.2	66.6	72.4	76.8	81.7
2001	99	99	4	56.0	65.1	70.6	74.9	78.7	82.5
2001	99	99	5	56.5	65.5	69.6	74.7	76.9	84.9
2001	99	99	6	50.4	58.2	62.6	65.2	69.0	74.7
2001	99	99	7	25.8	34.1	37.1	40.8	45.2	54.6
2001	99	99	8	0.0	0.9	1.2	1.6	2.1	6.2
2001	99	99	99	35.8	40.6	43.2	46.3	50.1	59.5
2002	1	1	1	0.0	14.0	22.0	27.0	36.0	100.0
2002	1	1	2	0.0	55.4	63.0	70.2	80.5	100.0
2002	1	1	3	23.1	61.0	71.7	79.1	86.6	100.0
2002	1	1	4	19.9	65.2	71.8	78.9	85.5	100.0
2002	1	1	5	41.6	73.4	78.0	82.2	87.4	94.5
2002	1	1	6	62.2	72.9	79.8	83.7	86.9	95.8
2002	1	1	7	36.7	46.1	51.5	57.0	62.0	76.2
2002	1	1	8	0.0	0.7	0.9	1.4	2.3	14.5
2002	1	1	99	17.0	36.4	39.4	42.8	46.5	53.4
2002	1	2	1	6.3	13.9	18.3	22.2	27.7	44.3
2002	1	2	2	31.5	45.7	50.4	59.1	62.8	74.6
2002	1	2	3	62.9	76.3	81.3	85.5	87.6	94.1
2002	1	2	4	75.9	83.4	87.8	90.1	92.9	99.6
2002	1	2	5	79.8	86.5	90.3	92.6	93.9	97.0
2002	1	2	6	77.6	81.5	87.0	89.7	92.3	97.4
2002	1	2	7	39.3	54.0	60.0	65.8	68.4	82.0
2002	1	2	8	0.0	0.0	2.8	4.5	9.0	21.3
2002	1	2	99	57.2	65.5	68.6	72.7	75.4	80.4
2002	1	3	1	0.0	8.0	45.1	63.3	92.8	100.0
2002	1	3	2	23.8	37.5	46.0	53.9	58.8	77.8
2002	1	3	3	45.1	67.7	73.2	75.9	84.6	89.9
2002	1	3	4	71.0	85.4	90.6	93.0	95.7	100.0
2002	1	3	5	83.1	92.2	93.5	95.8	97.7	100.0
2002	1	3	6	82.0	90.6	92.4	96.0	98.1	100.0
2002	1	3	7	38.1	59.9	68.2	75.0	79.9	100.0
2002	1	3	8	0.0	5.0	7.4	11.0	19.0	67.0
2002	1	3	99	67.4	73.6	76.5	79.8	83.4	85.7
2002	1	99	1	5.8	15.5	21.1	23.8	30.3	41.7
2002	1	99	2	38.7	49.5	53.3	57.5	62.0	72.8
2002	1	99	3	65.3	72.5	77.0	81.3	84.5	89.7
2002	1	99	4	75.1	83.7	86.0	89.2	91.7	97.5
2002	1	99	5	79.9	85.5	87.7	91.2	92.9	95.3
2002	1	99	6	71.9	80.2	83.8	87.5	91.0	96.6
2002	1	99	7	40.4	51.9	56.2	59.9	64.9	73.4
2002	1	99	8	0.5	1.2	1.7	2.4	3.4	16.0
2002	1	99	99	50.1	55.3	58.5	62.6	64.4	70.3
2002	6	1	1	0.0	0.0	4.7	10.4	19.4	36.2
2002	6	1	2	0.0	18.8	31.2	42.6	62.1	100.0
2002	6	1	3	0.0	16.6	23.1	38.2	52.3	100.0
2002	6	1	4	6.3	24.5	33.3	43.6	53.0	72.4
2002	6	1	5	13.8	28.9	36.1	42.0	49.5	58.3
2002	6	1	6	13.3	22.9	28.0	34.6	42.0	61.1
2002	6	1	7	0.0	10.9	14.7	18.4	22.5	40.1
2002	6	1	8	0.0	0.1	0.4	0.7	0.9	3.2
2002	6	1	99	5.1	10.7	13.1	15.3	17.5	26.1
2002	6	2	1	0.9	4.7	7.4	10.9	14.4	28.4
2002	6	2	2	15.4	26.2	33.1	38.2	44.9	60.5
2002	6	2	3	26.7	45.5	52.3	57.4	66.2	82.5
2002	6	2	4	26.5	41.3	49.6	56.9	61.0	70.8
2002	6	2	5	30.5	41.7	48.0	52.9	58.6	70.3
2002	6	2	6	26.6	37.7	43.7	48.6	54.7	68.1
2002	6	2	7	10.5	19.7	23.5	29.4	35.1	53.7
2002	6	2	8	0.0	0.0	0.0	0.9	4.6	15.3
2002	6	2	99	28.2	34.3	39.5	42.2	45.4	54.8
2002	6	3	1	0.0	0.0	19.6	42.2	74.0	100.0
2002	6	3	2	15.6	32.7	38.7	45.8	53.1	68.0
2002	6	3	3	41.1	57.3	62.0	69.9	74.8	85.8
2002	6	3	4	54.9	67.2	73.5	76.9	81.2	88.6
2002	6	3	5	62.8	72.2	74.8	78.1	82.6	98.1
2002	6	3	6	56.1	74.2	78.2	81.6	86.8	100.0
2002	6	3	7	17.9	42.2	57.1	63.3	72.3	100.0
2002	6	3	8	0.0	0.0	0.0	2.3	7.8	100.0
2002	6	3	99	53.3	60.4	65.1	67.9	72.0	78.5
2002	6	99	1	1.0	5.5	8.7	10.8	14.2	27.3
2002	6	99	2	21.4	28.9	34.1	40.3	45.0	59.0
2002	6	99	3	26.6	49.2	54.4	59.6	68.5	78.4
2002	6	99	4	31.9	48.1	55.7	61.2	66.5	72.2
2002	6	99	5	34.1	45.4	52.9	57.0	63.1	71.8
2002	6	99	6	26.8	36.5	41.2	46.4	50.1	62.4
2002	6	99	7	6.2	15.6	18.7	22.6	27.9	42.4
2002	6	99	8	0.0	0.3	0.6	0.9	1.3	3.5
2002	6	99	99	20.3	27.0	29.9	34.6	37.9	47.5
2002	99	1	1	0.0	8.8	17.3	22.0	26.9	48.2
2002	99	1	2	0.0	47.6	54.1	59.7	70.1	92.8
2002	99	1	3	13.6	43.2	52.5	59.5	68.3	86.3
2002	99	1	4	10.7	51.6	56.5	60.7	67.5	84.0
2002	99	1	5	32.9	53.4	58.6	61.1	68.0	76.0
2002	99	1	6	29.0	48.7	53.5	57.3	59.7	72.0
2002	99	1	7	11.9	27.8	32.1	35.5	40.7	53.3
2002	99	1	8	0.1	0.5	0.7	0.9	1.5	3.8
2002	99	1	99	11.7	22.7	25.5	27.5	30.1	39.1
2002	99	2	1	6.1	10.8	13.0	16.2	20.3	35.3
2002	99	2	2	28.1	37.8	43.1	46.7	53.7	66.6
2002	99	2	3	49.0	62.3	68.8	73.6	77.7	86.1
2002	99	2	4	56.0	64.0	69.9	74.2	77.2	85.4
2002	99	2	5	57.5	67.4	69.2	73.6	76.4	82.7
2002	99	2	6	57.4	61.6	65.8	69.5	73.8	80.6
2002	99	2	7	30.6	39.1	44.8	49.0	52.9	62.8
2002	99	2	8	0.0	1.2	1.9	4.2	6.8	13.8
2002	99	2	99	43.3	50.0	55.4	58.3	60.4	67.2
2002	99	3	1	0.0	15.0	35.1	51.6	75.3	100.0
2002	99	3	2	19.0	35.5	40.6	48.7	52.8	69.3
2002	99	3	3	53.9	62.7	66.6	72.8	76.0	86.3
2002	99	3	4	63.1	77.0	81.1	83.8	85.1	93.4
2002	99	3	5	77.8	81.5	84.6	86.2	89.2	98.3
2002	99	3	6	76.7	84.6	86.6	89.8	91.9	100.0
2002	99	3	7	30.4	58.6	64.2	70.2	73.0	91.5
2002	99	3	8	0.0	3.6	6.0	8.3	12.2	55.7
2002	99	3	99	62.1	67.7	70.8	73.2	76.4	80.5
2002	99	99	1	5.6	12.1	14.5	16.6	22.3	34.2
2002	99	99	2	33.7	39.5	44.6	49.4	53.9	64.8
2002	99	99	3	47.7	60.4	66.0	71.1	77.0	82.1
2002	99	99	4	58.6	66.0	71.3	74.8	79.1	84.7
2002	99	99	5	57.0	66.8	70.1	73.7	78.0	82.6
2002	99	99	6	49.5	59.2	64.4	66.9	70.2	76.3
2002	99	99	7	25.8	33.2	37.7	40.7	45.2	54.5
2002	99	99	8	0.2	0.8	1.1	1.5	2.0	7.0
2002	99	99	99	34.9	41.4	43.8	48.2	51.5	58.8
2003	1	1	1	0.0	7.5	19.9	25.5	31.7	54.9
2003	1	1	2	0.0	47.5	62.5	72.1	81.5	100.0
2003	1	1	3	0.0	61.9	70.8	77.8	86.4	100.0
2003	1	1	4	0.0	64.5	74.1	80.9	86.4	100.0
2003	1	1	5	50.8	71.7	78.3	81.4	86.1	96.6
2003	1	1	6	66.4	71.0	78.1	82.9	85.7	98.0
2003	1	1	7	38.7	48.6	52.3	56.6	65.2	72.9
2003	1	1	8	0.0	0.8	1.1	1.5	2.2	12.1
2003	1	1	99	17.9	34.2	38.1	42.2	45.9	53.0
2003	1	2	1	7.3	13.4	18.1	23.6	28.1	48.3
2003	1	2	2	37.6	51.1	55.4	57.6	63.6	75.3
2003	1	2	3	66.2	74.2	81.5	84.5	89.5	94.2
2003	1	2	4	69.9	83.4	88.9	90.6	92.6	97.0
2003	1	2	5	77.6	86.7	89.3	91.7	94.2	97.8
2003	1	2	6	73.9	80.9	85.8	90.2	93.2	96.8
2003	1	2	7	41.9	52.7	59.9	65.0	68.5	88.7
2003	1	2	8	0.0	0.7	1.9	3.4	7.1	24.9
2003	1	2	99	55.7	65.4	69.4	73.1	75.9	82.3
2003	1	3	1	0.0	0.0	0.0	53.5	100.0	100.0
2003	1	3	2	4.8	39.3	48.4	55.2	62.8	78.0
2003	1	3	3	46.7	68.9	72.5	77.3	82.3	88.9
2003	1	3	4	64.0	85.3	89.3	93.0	95.8	100.0
2003	1	3	5	85.5	92.4	93.5	95.5	96.7	100.0
2003	1	3	6	83.1	90.2	91.5	94.5	96.9	100.0
2003	1	3	7	35.3	60.3	67.5	74.0	80.7	94.0
2003	1	3	8	0.0	4.2	7.6	14.2	17.3	35.2
2003	1	3	99	66.5	75.1	76.8	80.6	82.8	87.3
2003	1	99	1	7.1	13.8	18.7	24.3	28.7	40.7
2003	1	99	2	43.9	51.3	55.2	59.2	64.5	74.0
2003	1	99	3	65.3	73.4	77.6	81.3	85.2	88.0
2003	1	99	4	71.5	83.6	86.5	89.2	91.9	95.6
2003	1	99	5	80.2	85.8	89.2	90.8	92.5	97.3
2003	1	99	6	72.7	78.5	84.1	87.7	90.7	96.0
2003	1	99	7	41.7	52.2	55.4	62.4	66.0	73.8
2003	1	99	8	0.4	1.3	1.8	2.4	3.3	10.3
2003	1	99	99	49.6	56.7	59.4	62.9	65.1	70.4
2003	6	1	1	0.0	0.0	5.5	9.4	17.8	30.7
2003	6	1	2	0.0	24.0	33.5	47.9	61.8	100.0
2003	6	1	3	0.0	25.7	35.3	50.3	65.3	100.0
2003	6	1	4	0.0	16.0	30.2	40.2	48.9	100.0
2003	6	1	5	6.5	28.0	33.9	41.6	47.1	60.7
2003	6	1	6	9.3	23.5	30.6	36.0	41.1	62.2
2003	6	1	7	0.0	12.4	16.8	20.0	24.0	46.3
2003	6	1	8	0.0	0.2	0.4	0.8	1.0	2.2
2003	6	1	99	6.3	11.4	12.3	13.9	18.0	27.0
2003	6	2	1	1.6	5.7	7.6	10.3	13.0	30.7
2003	6	2	2	19.7	28.1	34.8	40.6	45.6	55.6
2003	6	2	3	27.8	46.5	55.8	58.9	69.2	90.3
2003	6	2	4	29.7	41.5	49.0	55.4	62.5	77.1
2003	6	2	5	24.1	42.5	49.6	55.0	60.1	73.9
2003	6	2	6	31.4	38.9	42.5	50.9	55.3	63.6
2003	6	2	7	5.1	19.8	25.1	30.3	34.4	44.0
2003	6	2	8	0.0	0.0	0.0	1.1	3.5	17.0
2003	6	2	99	27.0	34.2	39.4	43.6	46.2	55.8
2003	6	3	1	0.0	0.0	0.0	56.1	100.0	100.0
2003	6	3	2	10.2	33.8	41.1	46.6	51.9	68.4
2003	6	3	3	47.2	59.8	64.7	70.8	76.6	89.4
2003	6	3	4	40.8	69.5	74.5	77.9	82.6	91.8
2003	6	3	5	66.5	73.7	76.7	79.8	83.2	97.6
2003	6	3	6	60.8	73.3	78.6	82.3	86.1	98.4
2003	6	3	7	18.1	45.9	56.2	62.3	71.1	90.8
2003	6	3	8	0.0	0.0	0.0	2.3	9.5	43.8
2003	6	3	99	55.3	62.8	66.0	69.7	73.0	77.8
2003	6	99	1	1.4	5.9	7.9	10.1	13.8	25.4
2003	6	99	2	20.2	30.4	36.0	43.4	46.0	56.2
2003	6	99	3	44.4	49.9	58.0	62.1	70.0	81.6
2003	6	99	4	39.6	49.5	56.1	61.6	68.1	79.1
2003	6	99	5	35.9	46.0	54.3	60.0	64.4	75.7
2003	6	99	6	26.5	36.0	43.3	48.2	53.9	60.8
2003	6	99	7	10.9	15.9	20.9	25.1	28.8	46.5
2003	6	99	8	0.0	0.4	0.6	0.9	1.3	3.0
2003	6	99	99	20.2	28.7	31.7	36.3	39.2	48.9
2003	99	1	1	0.0	8.2	13.9	18.8	23.3	44.1
2003	99	1	2	0.0	42.0	52.8	62.3	68.2	100.0
2003	99	1	3	13.5	47.1	57.2	66.3	69.9	96.2
2003	99	1	4	3.2	50.5	55.4	61.4	66.7	82.3
2003	99	1	5	25.1	51.4	57.9	61.4	65.1	80.6
2003	99	1	6	26.5	48.0	52.2	58.8	61.9	74.7
2003	99	1	7	15.2	27.8	34.8	37.8	42.8	50.8
2003	99	1	8	0.1	0.5	0.8	1.1	1.3	3.7
2003	99	1	99	12.1	22.4	24.5	26.7	29.2	39.0
2003	99	2	1	5.4	9.2	13.1	17.1	21.8	40.0
2003	99	2	2	32.5	42.1	44.6	50.0	54.4	64.1
2003	99	2	3	49.3	64.2	69.1	73.5	78.0	91.1
2003	99	2	4	54.8	64.9	71.3	74.5	77.9	85.1
2003	99	2	5	56.6	65.5	70.1	74.1	75.8	86.9
2003	99	2	6	56.0	61.9	66.2	69.4	74.9	81.0
2003	99	2	7	27.0	39.5	42.7	50.1	53.0	69.8
2003	99	2	8	0.0	0.7	1.6	2.7	5.3	13.9
2003	99	2	99	42.4	50.7	56.5	58.7	61.7	67.2
2003	99	3	1	0.0	0.0	24.6	51.8	73.3	100.0
2003	99	3	2	22.4	36.1	45.1	50.2	53.9	70.3
2003	99	3	3	53.5	61.8	68.1	71.9	79.3	88.8
2003	99	3	4	60.3	77.9	81.0	84.2	87.7	94.8
2003	99	3	5	79.6	84.1	85.6	86.9	88.7	98.8
2003	99	3	6	76.1	83.8	86.5	88.5	90.7	95.9
2003	99	3	7	30.8	60.7	64.5	66.9	71.8	87.9
2003	99	3	8	0.0	3.6	6.5	10.7	13.0	28.6
2003	99	3	99	65.1	68.7	71.5	74.9	77.3	82.3
2003	99	99	1	6.8	9.8	14.0	17.4	20.5	33.7
2003	99	99	2	35.7	42.5	46.0	50.4	55.3	64.7
2003	99	99	3	58.1	61.8	67.3	72.1	78.0	84.3
2003	99	99	4	57.7	67.5	71.4	76.6	79.7	87.3
2003	99	99	5	60.0	66.1	72.5	75.3	77.9	86.6
2003	99	99	6	50.1	59.3	63.8	68.7	72.3	77.7
2003	99	99	7	27.7	34.1	38.5	42.5	46.4	52.2
2003	99	99	8	0.5	0.9	1.3	1.7	1.9	5.0
2003	99	99	99	34.7	42.2	44.9	49.3	51.6	59.6
2004	1	1	1	0.0	12.7	18.2	27.9	41.8	70.1
2004	1	1	2	0.0	42.2	56.8	65.2	76.7	100.0
2004	1	1	3	0.0	60.7	71.8	78.1	88.0	100.0
2004	1	1	4	0.0	66.6	73.8	80.7	89.2	100.0
2004	1	1	5	41.9	71.1	76.7	82.9	88.6	100.0
2004	1	1	6	50.2	73.3	76.6	80.7	85.7	100.0
2004	1	1	7	35.8	49.4	52.4	56.6	62.3	70.8
2004	1	1	8	0.0	0.4	0.9	1.4	1.8	5.8
2004	1	1	99	17.0	32.4	36.9	41.3	43.6	65.7
2004	1	2	1	10.9	14.3	16.9	22.0	27.8	40.4
2004	1	2	2	34.1	48.9	53.5	61.8	64.8	74.7
2004	1	2	3	66.1	76.9	81.3	85.5	88.7	94.8
2004	1	2	4	76.4	83.6	87.0	91.0	93.0	98.5
2004	1	2	5	80.5	85.4	89.4	91.3	93.9	97.6
2004	1	2	6	71.1	80.9	87.5	90.3	93.1	98.2
2004	1	2	7	42.5	55.6	60.5	64.3	69.2	82.9
2004	1	2	8	0.0	0.0	1.1	3.0	5.0	19.9
2004	1	2	99	56.8	66.1	68.4	73.6	76.0	81.4
2004	1	3	1	0.0	0.0	51.2	100.0	100.0	100.0
2004	1	3	2	21.4	41.3	46.3	52.6	60.0	73.3
2004	1	3	3	53.3	68.5	72.0	79.7	83.9	94.4
2004	1	3	4	68.5	86.3	90.0	92.8	95.7	100.0
2004	1	3	5	84.6	92.5	94.8	96.4	97.6	100.0
2004	1	3	6	81.0	88.6	92.8	94.5	95.8	100.0
2004	1	3	7	46.0	62.5	68.2	74.8	79.2	100.0
2004	1	3	8	0.0	3.4	8.6	13.3	16.6	46.0
2004	1	3	99	71.0	76.7	79.6	81.3	83.3	86.8
2004	1	99	1	10.7	14.6	18.2	22.7	29.6	43.0
2004	1	99	2	42.0	49.5	54.3	58.8	64.6	73.5
2004	1	99	3	65.2	73.6	78.1	83.4	85.4	91.9
2004	1	99	4	76.7	83.6	86.5	90.9	92.2	96.8
2004	1	99	5	78.0	84.9	89.1	90.7	93.2	97.7
2004	1	99	6	71.1	80.3	84.9	87.9	89.9	94.9
2004	1	99	7	46.0	53.8	57.1	61.8	66.6	73.3
2004	1	99	8	0.2	1.3	2.0	2.3	3.0	7.4
2004	1	99	99	49.2	56.9	60.0	63.3	65.1	71.9
2004	6	1	1	0.0	2.0	7.4	10.5	17.4	54.2
2004	6	1	2	0.0	13.2	25.7	38.4	54.6	100.0
2004	6	1	3	0.0	22.9	35.3	44.3	59.9	100.0
2004	6	1	4	0.0	13.0	30.7	46.5	54.9	73.8
2004	6	1	5	11.8	26.1	34.3	43.2	50.8	73.8
2004	6	1	6	13.2	25.8	30.9	37.8	43.8	62.7
2004	6	1	7	0.0	11.6	15.4	19.4	24.9	39.5
2004	6	1	8	0.0	0.2	0.4	0.6	1.0	3.1
2004	6	1	99	6.7	10.8	12.2	14.3	17.0	33.9
2004	6	2	1	1.3	4.7	8.9	11.4	14.1	30.4
2004	6	2	2	18.6	30.3	33.9	41.5	48.2	56.5
2004	6	2	3	36.9	50.2	57.5	63.3	72.1	79.3
2004	6	2	4	29.6	42.2	51.3	56.3	64.9	81.0
2004	6	2	5	36.7	45.0	51.4	55.6	61.9	67.9
2004	6	2	6	29.2	40.0	48.6	52.5	56.4	68.6
2004	6	2	7	9.4	21.5	25.8	30.3	35.5	60.9
2004	6	2	8	0.0	0.0	0.0	2.2	4.2	16.9
2004	6	2	99	28.5	36.8	40.3	44.7	48.6	57.6
2004	6	3	1	0.0	0.0	0.0	8.1	66.2	100.0
2004	6	3	2	5.1	33.7	41.7	47.7	56.3	75.2
2004	6	3	3	43.7	61.0	64.9	72.5	78.2	87.6
2004	6	3	4	55.5	69.4	77.5	81.1	84.1	100.0
2004	6	3	5	63.9	73.2	76.3	79.9	82.8	92.0
2004	6	3	6	54.5	75.2	79.6	83.7	86.2	96.5
2004	6	3	7	23.7	47.4	55.8	62.4	70.6	95.7
2004	6	3	8	0.0	0.0	0.0	4.5	9.8	24.4
2004	6	3	99	57.1	63.9	67.2	71.3	74.6	78.9
2004	6	99	1	1.1	5.1	9.4	12.4	14.7	27.2
2004	6	99	2	20.0	33.5	37.7	41.2	49.4	56.2
2004	6	99	3	43.0	53.2	58.3	63.6	72.2	79.2
2004	6	99	4	30.8	50.8	58.1	65.3	70.0	84.2
2004	6	99	5	39.3	47.0	56.3	60.7	66.9	71.3
2004	6	99	6	26.6	40.3	45.2	51.5	56.3	68.2
2004	6	99	7	13.3	17.1	21.3	24.7	29.1	45.4
2004	6	99	8	0.0	0.4	0.7	1.0	1.3	4.0
2004	6	99	99	23.8	29.1	32.8	37.5	41.1	52.0
2004	99	1	1	0.0	10.8	15.1	21.5	31.6	57.6
2004	99	1	2	0.0	33.8	48.3	56.3	67.8	100.0
2004	99	1	3	0.0	44.7	55.7	66.9	72.2	100.0
2004	99	1	4	0.0	44.4	56.8	66.5	71.9	90.2
2004	99	1	5	25.3	50.8	58.1	64.5	69.2	80.2
2004	99	1	6	34.9	49.0	54.2	58.8	63.0	72.6
2004	99	1	7	19.6	30.7	33.8	37.7	39.6	49.3
2004	99	1	8	0.0	0.5	0.7	0.9	1.3	3.6
2004	99	1	99	11.8	21.5	23.1	26.9	28.6	48.7
2004	99	2	1	7.4	10.5	12.7	16.9	20.3	34.0
2004	99	2	2	31.6	39.9	45.9	50.0	58.0	65.3
2004	99	2	3	53.0	65.6	70.7	75.4	79.5	85.2
2004	99	2	4	57.1	65.9	70.3	76.4	79.4	89.7
2004	99	2	5	60.3	66.0	71.5	73.3	78.0	83.2
2004	99	2	6	51.7	61.7	67.4	71.9	74.2	85.0
2004	99	2	7	31.4	41.1	44.6	47.9	52.1	62.9
2004	99	2	8	0.0	0.6	1.8	2.7	4.2	10.8
2004	99	2	99	45.2	51.4	56.1	60.0	62.8	67.4
2004	99	3	1	0.0	16.3	37.3	58.0	84.1	100.0
2004	99	3	2	12.6	37.8	43.7	49.6	55.9	73.1
2004	99	3	3	56.9	63.1	68.4	72.2	81.2	89.8
2004	99	3	4	68.8	78.1	83.2	86.2	88.1	94.5
2004	99	3	5	74.7	83.3	85.5	86.4	89.1	94.6
2004	99	3	6	72.4	84.7	86.9	88.7	89.9	98.7
2004	99	3	7	46.3	59.4	63.9	68.6	73.8	97.8
2004	99	3	8	0.0	2.9	6.8	10.6	13.6	29.7
2004	99	3	99	65.1	69.3	72.5	75.3	78.0	82.5
2004	99	99	1	8.1	10.2	14.0	18.3	23.6	33.0
2004	99	99	2	29.6	42.4	46.5	49.6	56.5	64.1
2004	99	99	3	59.0	64.5	68.4	73.3	78.4	82.2
2004	99	99	4	57.9	68.2	73.8	77.6	81.0	89.0
2004	99	99	5	60.2	67.6	72.5	76.1	79.5	85.8
2004	99	99	6	47.8	60.9	66.6	69.0	73.2	79.0
2004	99	99	7	30.4	36.5	40.6	43.2	46.4	55.6
2004	99	99	8	0.2	0.9	1.2	1.6	1.9	4.5
2004	99	99	99	36.4	43.2	46.1	50.0	52.8	62.0
2005	1	1	1	0.0	17.5	24.2	29.1	35.7	65.7
2005	1	1	2	24.2	61.8	73.2	77.6	82.6	100.0
2005	1	1	3	22.1	64.0	71.9	79.8	86.2	100.0
2005	1	1	4	43.5	68.5	74.4	82.6	89.8	100.0
2005	1	1	5	61.2	73.4	78.7	82.8	88.8	95.9
2005	1	1	6	61.2	71.5	78.4	83.5	87.6	92.2
2005	1	1	7	38.6	47.6	54.1	59.9	65.4	77.2
2005	1	1	8	0.0	0.9	1.6	2.0	2.5	4.8
2005	1	1	99	25.2	30.9	36.5	40.0	43.5	63.1
2005	1	2	1	10.4	17.8	22.9	25.9	32.0	45.5
2005	1	2	2	44.2	53.9	57.9	61.9	69.7	77.5
2005	1	2	3	74.4	78.5	82.7	85.9	88.9	96.4
2005	1	2	4	78.0	84.1	89.2	91.5	95.1	98.5
2005	1	2	5	81.1	86.0	89.0	92.2	94.5	97.2
2005	1	2	6	71.7	83.9	88.3	90.5	92.4	98.1
2005	1	2	7	45.6	56.7	61.4	65.6	68.8	91.0
2005	1	2	8	0.0	0.8	2.5	4.3	6.2	12.0
2005	1	2	99	60.8	68.5	70.2	74.9	77.5	81.3
2005	1	3	1	0.0	0.0	54.6	88.2	100.0	100.0
2005	1	3	2	13.0	43.9	52.1	59.7	63.8	85.2
2005	1	3	3	55.6	71.5	76.2	81.3	85.7	91.2
2005	1	3	4	79.3	85.7	90.3	94.1	96.5	100.0
2005	1	3	5	85.3	91.5	93.4	94.6	96.7	100.0
2005	1	3	6	81.8	89.6	93.4	95.8	97.0	100.0
2005	1	3	7	48.8	63.2	68.5	72.5	77.6	94.7
2005	1	3	8	0.0	5.3	7.3	12.8	19.3	40.1
2005	1	3	99	68.9	76.3	79.9	81.0	82.9	89.8
2005	1	99	1	9.4	18.7	23.5	27.3	33.3	44.3
2005	1	99	2	42.3	55.0	58.2	63.5	68.3	76.0
2005	1	99	3	60.7	75.7	79.5	84.0	86.2	93.5
2005	1	99	4	76.2	84.9	87.7	90.6	93.4	96.6
2005	1	99	5	76.8	85.9	89.1	91.2	93.8	96.3
2005	1	99	6	74.9	81.5	85.7	90.0	91.3	94.7
2005	1	99	7	46.0	54.3	58.9	64.0	67.1	75.7
2005	1	99	8	0.7	2.1	2.4	2.9	3.8	6.0
2005	1	99	99	52.3	58.8	60.8	64.6	66.9	71.3
2005	6	1	1	0.0	1.3	5.2	11.4	17.6	34.5
2005	6	1	2	0.0	26.2	34.1	42.0	62.4	100.0
2005	6	1	3	0.0	22.9	28.7	44.3	55.1	100.0
2005	6	1	4	0.0	23.4	35.9	44.1	55.5	84.2
2005	6	1	5	16.8	30.2	39.6	46.3	54.1	69.3
2005	6	1	6	13.5	26.2	34.5	40.4	45.1	54.1
2005	6	1	7	2.7	12.4	16.6	21.5	25.2	36.5
2005	6	1	8	0.0	0.4	0.5	0.7	1.0	2.4
2005	6	1	99	8.1	11.0	11.9	14.0	17.1	32.4
2005	6	2	1	3.6	7.9	11.1	14.6	19.4	26.3
2005	6	2	2	18.9	36.9	41.2	46.0	50.4	63.2
2005	6	2	3	35.4	51.3	59.0	67.6	69.3	82.8
2005	6	2	4	31.4	51.0	56.3	61.5	66.4	82.3
2005	6	2	5	38.4	47.3	53.8	57.7	63.4	73.4
2005	6	2	6	24.2	43.1	49.4	53.6	60.2	72.7
2005	6	2	7	11.7	24.8	27.8	35.7	40.6	50.9
2005	6	2	8	0.0	0.0	0.9	2.1	4.6	8.4
2005	6	2	99	30.8	38.6	44.2	46.6	50.8	58.4
2005	6	3	1	0.0	0.0	0.0	40.9	100.0	100.0
2005	6	3	2	8.4	40.0	50.3	56.4	63.4	80.5
2005	6	3	3	39.9	66.3	70.2	75.3	80.9	90.7
2005	6	3	4	50.0	72.8	75.7	79.6	82.2	89.7
2005	6	3	5	55.5	71.9	76.5	79.6	82.5	98.0
2005	6	3	6	64.1	76.8	78.6	81.7	84.4	94.5
2005	6	3	7	30.4	47.2	54.7	61.1	68.2	84.3
2005	6	3	8	0.0	0.0	0.0	3.9	7.2	22.8
2005	6	3	99	57.3	66.2	69.1	71.4	74.4	82.3
2005	6	99	1	3.2	8.1	11.7	15.0	17.9	22.8
2005	6	99	2	21.2	38.5	43.7	48.1	53.2	67.5
2005	6	99	3	34.0	58.0	62.5	68.0	74.1	80.4
2005	6	99	4	40.3	57.3	62.5	68.1	71.6	78.6
2005	6	99	5	41.0	51.2	58.4	62.9	67.9	75.9
2005	6	99	6	31.2	40.2	48.5	54.5	60.3	66.3
2005	6	99	7	12.4	19.5	23.2	27.2	32.1	43.9
2005	6	99	8	0.0	0.5	0.7	1.1	1.5	2.6
2005	6	99	99	26.5	31.5	36.1	40.1	43.2	51.6
2005	99	1	1	0.0	12.5	17.7	22.0	28.7	50.8
2005	99	1	2	33.4	50.7	58.1	66.3	69.4	85.6
2005	99	1	3	21.9	48.2	57.9	64.6	74.2	100.0
2005	99	1	4	11.1	51.1	61.7	67.7	73.7	90.0
2005	99	1	5	43.1	53.1	60.1	64.6	70.9	79.7
2005	99	1	6	37.2	48.5	55.1	59.3	64.9	72.3
2005	99	1	7	20.7	29.6	34.3	38.1	42.4	55.6
2005	99	1	8	0.0	0.7	1.0	1.2	1.5	3.4
2005	99	1	99	16.8	20.2	22.7	25.8	29.5	48.6
2005	99	2	1	7.5	14.3	16.2	20.2	25.3	32.1
2005	99	2	2	33.1	46.2	50.2	55.5	60.1	68.9
2005	99	2	3	54.2	67.8	74.3	76.8	79.9	85.5
2005	99	2	4	57.2	69.2	74.9	76.6	81.2	87.3
2005	99	2	5	59.6	68.8	71.9	76.2	79.6	84.4
2005	99	2	6	53.8	63.8	69.6	73.2	75.9	83.6
2005	99	2	7	36.0	42.3	46.0	49.7	55.5	66.2
2005	99	2	8	0.0	1.3	2.3	3.0	5.0	8.1
2005	99	2	99	46.3	54.3	58.1	61.4	64.8	68.7
2005	99	3	1	0.0	0.0	37.7	66.7	100.0	100.0
2005	99	3	2	10.1	43.8	50.8	56.9	62.2	78.6
2005	99	3	3	57.7	68.5	73.0	77.0	82.8	90.9
2005	99	3	4	66.7	80.2	82.8	84.8	87.5	94.0
2005	99	3	5	73.1	82.2	85.2	87.3	88.6	98.8
2005	99	3	6	76.4	85.6	87.5	88.6	90.1	94.4
2005	99	3	7	46.2	57.4	63.8	68.7	72.5	85.4
2005	99	3	8	0.0	4.1	6.2	9.2	13.5	31.3
2005	99	3	99	67.8	71.4	73.8	75.8	78.6	86.0
2005	99	99	1	7.9	15.0	17.2	21.0	25.3	32.0
2005	99	99	2	31.7	47.0	51.5	55.8	60.2	68.0
2005	99	99	3	52.8	67.9	72.4	76.0	80.7	86.6
2005	99	99	4	61.5	72.6	76.1	79.5	81.8	86.2
2005	99	99	5	59.9	70.4	73.7	76.1	81.0	85.3
2005	99	99	6	52.9	63.3	67.7	71.1	75.2	80.4
2005	99	99	7	32.0	37.3	41.9	45.2	48.1	57.0
2005	99	99	8	0.4	1.2	1.5	1.8	2.3	3.9
2005	99	99	99	40.0	44.5	48.4	51.8	54.7	61.4
2006	1	1	1	0.0	16.7	23.4	30.2	36.8	69.0
2006	1	1	2	21.7	56.9	67.6	76.5	84.1	100.0
2006	1	1	3	13.3	63.5	73.1	79.9	90.6	100.0
2006	1	1	4	35.4	62.0	72.8	81.0	86.7	100.0
2006	1	1	5	34.5	72.0	76.5	83.5	87.8	92.1
2006	1	1	6	52.9	70.4	76.0	83.0	88.5	94.1
2006	1	1	7	38.6	45.6	52.3	57.6	65.5	83.3
2006	1	1	8	0.3	1.0	1.5	1.9	2.6	3.8
2006	1	1	99	23.8	29.5	35.8	38.6	42.4	54.9
2006	1	2	1	10.7	16.2	23.0	26.2	31.3	44.3
2006	1	2	2	40.9	57.2	60.4	62.3	67.8	79.3
2006	1	2	3	47.7	79.7	83.0	86.8	89.3	96.3
2006	1	2	4	77.9	86.6	89.2	90.9	95.6	100.0
2006	1	2	5	81.3	86.5	88.5	91.1	93.5	96.6
2006	1	2	6	76.2	82.5	86.5	89.3	92.9	96.1
2006	1	2	7	44.5	56.6	60.4	64.6	69.2	80.9
2006	1	2	8	0.0	1.0	2.2	4.0	6.7	11.3
2006	1	2	99	58.4	69.9	72.1	74.9	77.1	82.7
2006	1	3	1	0.0	19.1	58.1	100.0	100.0	100.0
2006	1	3	2	18.8	44.7	51.8	60.0	67.0	81.4
2006	1	3	3	39.7	74.7	80.0	83.1	87.0	100.0
2006	1	3	4	80.6	86.9	91.4	93.3	96.2	100.0
2006	1	3	5	81.8	92.1	94.7	96.2	97.2	100.0
2006	1	3	6	84.3	90.1	92.8	94.6	96.6	100.0
2006	1	3	7	51.8	60.7	67.2	71.2	79.1	100.0
2006	1	3	8	0.0	4.2	9.0	12.1	18.0	74.8
2006	1	3	99	71.6	77.8	80.2	82.3	84.7	87.7
2006	1	99	1	10.1	17.9	23.8	26.9	33.1	44.3
2006	1	99	2	44.4	56.9	59.2	62.6	67.1	78.5
2006	1	99	3	42.8	78.2	81.1	85.1	87.2	93.0
2006	1	99	4	78.4	84.8	88.6	91.0	93.4	96.7
2006	1	99	5	73.0	86.7	88.7	91.4	92.8	95.8
2006	1	99	6	71.6	81.1	85.4	89.0	91.7	93.7
2006	1	99	7	45.4	52.9	57.4	62.6	66.8	81.7
2006	1	99	8	0.7	1.8	2.3	3.0	4.0	5.3
2006	1	99	99	52.5	58.6	62.2	64.6	67.2	71.8
2006	6	1	1	0.0	1.6	6.5	12.0	19.6	50.7
2006	6	1	2	0.0	19.6	33.8	47.5	59.4	100.0
2006	6	1	3	0.0	23.5	36.2	49.7	64.7	100.0
2006	6	1	4	0.0	28.5	39.2	48.2	56.7	86.2
2006	6	1	5	4.2	32.6	44.5	50.7	55.4	72.9
2006	6	1	6	4.1	28.1	35.8	43.0	48.0	57.8
2006	6	1	7	9.8	13.1	18.8	22.1	26.4	34.8
2006	6	1	8	0.0	0.2	0.5	0.9	1.2	2.2
2006	6	1	99	4.5	11.2	12.6	14.8	17.0	25.6
2006	6	2	1	1.5	7.5	11.2	14.0	20.3	31.2
2006	6	2	2	24.7	41.2	44.5	49.7	55.1	62.9
2006	6	2	3	43.0	54.2	61.1	68.0	73.3	77.4
2006	6	2	4	31.6	49.3	55.8	64.5	70.0	82.0
2006	6	2	5	35.4	46.4	57.0	61.2	66.2	78.2
2006	6	2	6	30.0	46.5	52.6	55.9	59.9	73.0
2006	6	2	7	15.7	25.5	30.2	34.1	39.8	55.9
2006	6	2	8	0.0	0.0	0.0	2.0	3.2	12.2
2006	6	2	99	33.1	40.8	45.9	49.3	53.6	60.2
2006	6	3	1	0.0	0.0	0.0	61.9	100.0	100.0
2006	6	3	2	25.5	41.7	46.6	54.6	63.4	77.2
2006	6	3	3	57.3	70.5	73.6	77.9	80.3	90.4
2006	6	3	4	59.6	74.0	78.7	81.8	84.4	90.7
2006	6	3	5	67.3	75.2	78.5	81.9	85.1	100.0
2006	6	3	6	53.9	77.0	81.1	84.3	86.5	100.0
2006	6	3	7	22.4	50.6	56.7	63.5	67.5	85.2
2006	6	3	8	0.0	0.0	0.0	4.0	7.2	14.9
2006	6	3	99	61.6	67.5	71.1	73.3	75.5	81.5
2006	6	99	1	2.4	7.8	10.6	14.1	19.1	32.6
2006	6	99	2	20.8	41.4	45.8	50.9	55.7	63.4
2006	6	99	3	40.2	60.8	66.0	71.1	75.3	80.5
2006	6	99	4	41.0	57.2	61.1	71.4	74.8	80.3
2006	6	99	5	40.9	52.0	60.9	67.8	71.4	79.2
2006	6	99	6	21.6	45.5	52.1	56.4	62.7	68.7
2006	6	99	7	13.3	19.7	25.8	29.1	33.1	41.8
2006	6	99	8	0.0	0.4	0.7	1.1	1.4	2.6
2006	6	99	99	27.2	33.5	37.0	41.6	45.2	52.0
2006	99	1	1	0.0	12.3	18.9	22.1	26.5	57.4
2006	99	1	2	15.6	47.1	55.9	61.3	73.2	85.2
2006	99	1	3	23.8	50.8	60.2	69.7	76.9	93.0
2006	99	1	4	15.6	53.7	60.5	66.6	72.7	91.1
2006	99	1	5	20.8	56.7	62.0	66.8	73.7	84.0
2006	99	1	6	23.9	49.9	56.0	60.7	65.5	74.1
2006	99	1	7	23.3	30.4	34.8	38.5	43.0	58.7
2006	99	1	8	0.2	0.7	1.0	1.2	1.5	2.5
2006	99	1	99	14.5	19.3	23.0	25.7	28.6	40.4
2006	99	2	1	8.3	12.6	17.4	20.8	23.6	35.5
2006	99	2	2	33.6	49.8	53.4	57.7	61.4	70.2
2006	99	2	3	51.0	68.2	74.0	79.4	81.5	85.6
2006	99	2	4	58.9	69.4	75.1	78.6	82.4	90.0
2006	99	2	5	57.5	68.6	73.7	77.3	78.6	87.3
2006	99	2	6	55.3	65.8	69.5	73.5	76.0	83.5
2006	99	2	7	35.4	43.2	46.4	50.6	53.6	65.1
2006	99	2	8	0.0	1.1	1.8	3.4	4.3	10.7
2006	99	2	99	47.8	56.6	59.8	63.2	66.2	69.7
2006	99	3	1	0.0	0.0	49.7	75.6	100.0	100.0
2006	99	3	2	26.6	42.0	49.4	55.8	63.9	78.9
2006	99	3	3	48.1	72.9	75.7	79.9	83.6	90.8
2006	99	3	4	74.8	80.8	83.4	86.9	89.8	92.9
2006	99	3	5	77.8	83.9	86.7	88.4	89.9	100.0
2006	99	3	6	71.6	85.7	88.0	89.3	90.7	96.4
2006	99	3	7	43.9	59.5	63.5	68.2	72.8	88.8
2006	99	3	8	0.0	4.1	7.4	9.0	13.5	29.5
2006	99	3	99	67.2	72.3	75.7	78.0	79.7	83.5
2006	99	99	1	8.5	14.3	17.5	21.3	25.5	39.3
2006	99	99	2	32.5	49.6	52.2	57.4	61.2	68.0
2006	99	99	3	43.9	69.4	73.0	79.0	79.8	86.3
2006	99	99	4	60.2	72.2	76.0	80.4	83.7	87.7
2006	99	99	5	57.9	71.4	74.5	79.6	81.7	87.0
2006	99	99	6	48.0	64.7	68.2	72.2	76.0	81.1
2006	99	99	7	29.0	38.7	42.1	45.7	48.4	61.3
2006	99	99	8	0.5	1.3	1.5	1.8	2.1	3.3
2006	99	99	99	40.2	45.6	49.2	52.9	55.5	61.9
2007	1	1	1	0.0	16.7	26.3	30.5	35.9	67.9
2007	1	1	2	25.5	57.4	70.0	74.8	82.7	100.0
2007	1	1	3	39.3	61.6	75.1	81.7	89.6	100.0
2007	1	1	4	10.7	65.7	76.1	82.6	88.9	100.0
2007	1	1	5	32.0	70.7	75.6	80.4	84.7	95.0
2007	1	1	6	40.1	71.1	78.9	82.8	86.4	94.0
2007	1	1	7	37.6	45.8	50.7	56.3	62.2	82.3
2007	1	1	8	0.2	1.1	1.4	1.9	2.5	5.7
2007	1	1	99	23.0	29.7	35.0	38.9	41.6	54.3
2007	1	2	1	10.9	19.0	22.8	25.7	30.2	38.8
2007	1	2	2	46.3	55.8	61.4	65.8	68.0	76.6
2007	1	2	3	62.7	80.2	83.3	86.4	88.3	94.4
2007	1	2	4	59.3	86.6	88.7	90.3	93.1	100.0
2007	1	2	5	82.1	86.9	88.2	91.3	93.9	96.5
2007	1	2	6	73.4	81.7	87.6	90.3	91.5	95.8
2007	1	2	7	47.9	56.2	61.2	66.5	69.9	79.9
2007	1	2	8	0.0	0.0	2.0	4.3	6.9	13.6
2007	1	2	99	61.1	69.5	73.3	75.5	77.7	82.0
2007	1	3	1	0.0	15.3	50.3	73.8	100.0	100.0
2007	1	3	2	25.4	47.6	54.1	61.9	70.1	84.9
2007	1	3	3	60.0	74.3	80.1	86.2	88.7	93.5
2007	1	3	4	79.6	89.1	91.3	94.1	96.4	99.0
2007	1	3	5	88.6	93.1	95.0	96.5	98.1	100.0
2007	1	3	6	82.8	90.8	93.3	94.7	96.4	100.0
2007	1	3	7	47.7	61.7	65.7	70.2	76.0	84.6
2007	1	3	8	0.0	7.8	9.8	15.0	20.0	61.7
2007	1	3	99	71.3	77.9	80.3	82.3	84.5	89.5
2007	1	99	1	10.3	20.5	24.3	26.3	31.7	45.5
2007	1	99	2	44.1	56.9	60.8	65.4	68.9	77.5
2007	1	99	3	57.0	77.6	82.2	85.6	88.3	91.1
2007	1	99	4	68.6	86.0	88.3	90.0	92.2	96.8
2007	1	99	5	74.9	86.9	88.9	91.4	93.0	97.2
2007	1	99	6	67.5	81.0	85.6	89.1	91.6	93.2
2007	1	99	7	45.0	53.2	56.7	59.6	66.5	79.0
2007	1	99	8	0.7	2.1	2.4	3.0	4.0	6.0
2007	1	99	99	52.6	59.3	61.7	65.4	68.1	70.4
2007	6	1	1	0.0	5.2	11.2	17.8	24.2	59.2
2007	6	1	2	0.0	25.9	33.9	45.0	61.3	100.0
2007	6	1	3	0.0	22.6	37.0	51.3	61.7	100.0
2007	6	1	4	0.0	30.6	42.2	46.1	63.1	100.0
2007	6	1	5	9.4	34.9	42.6	48.3	53.0	75.6
2007	6	1	6	6.6	30.0	37.0	44.1	49.7	70.6
2007	6	1	7	3.6	13.9	19.1	22.6	26.5	36.0
2007	6	1	8	0.0	0.3	0.5	0.7	0.9	1.8
2007	6	1	99	3.1	11.4	13.1	15.5	18.0	23.6
2007	6	2	1	4.3	8.2	11.2	14.8	17.9	27.8
2007	6	2	2	24.0	38.7	44.2	47.9	53.0	64.2
2007	6	2	3	23.4	56.9	65.1	71.6	74.8	94.2
2007	6	2	4	32.2	53.0	60.0	65.7	71.1	80.3
2007	6	2	5	36.5	52.1	57.9	62.7	67.0	76.2
2007	6	2	6	39.2	47.2	54.3	58.7	62.8	73.0
2007	6	2	7	15.5	30.0	32.5	35.0	39.8	53.4
2007	6	2	8	0.0	0.0	1.4	2.7	4.5	9.5
2007	6	2	99	28.7	43.0	48.1	50.4	55.1	59.9
2007	6	3	1	0.0	0.0	0.0	41.6	82.7	100.0
2007	6	3	2	27.1	44.2	51.5	56.6	61.2	83.5
2007	6	3	3	42.0	71.8	77.4	81.0	84.5	91.6
2007	6	3	4	46.9	75.8	79.6	83.7	85.8	94.3
2007	6	3	5	70.3	75.8	77.6	80.6	85.1	100.0
2007	6	3	6	61.2	76.2	79.4	84.7	86.0	94.6
2007	6	3	7	30.3	53.1	61.2	65.5	70.6	79.5
2007	6	3	8	0.0	0.0	1.1	3.8	9.0	33.6
2007	6	3	99	63.5	69.2	71.8	74.7	77.5	82.4
2007	6	99	1	4.4	8.6	11.6	15.3	19.9	26.4
2007	6	99	2	26.7	40.8	46.5	49.4	53.3	61.0
2007	6	99	3	23.7	61.1	70.7	73.3	76.1	88.2
2007	6	99	4	38.8	61.2	68.0	71.7	76.7	82.6
2007	6	99	5	44.2	56.5	63.6	67.5	70.9	77.6
2007	6	99	6	28.3	46.6	53.7	58.6	64.4	72.8
2007	6	99	7	12.3	22.8	26.7	31.2	34.1	41.7
2007	6	99	8	0.0	0.6	0.8	1.0	1.3	2.5
2007	6	99	99	26.2	34.2	39.8	43.1	46.2	50.9
2007	99	1	1	0.0	13.9	20.6	24.5	29.9	51.1
2007	99	1	2	25.8	47.7	55.8	61.4	68.1	100.0
2007	99	1	3	26.9	48.6	57.8	64.6	76.4	97.1
2007	99	1	4	19.5	55.2	60.3	66.9	75.1	94.0
2007	99	1	5	29.6	53.8	61.2	66.0	70.2	83.2
2007	99	1	6	21.1	51.4	58.0	61.8	67.3	83.0
2007	99	1	7	19.2	30.0	33.7	37.5	41.9	60.1
2007	99	1	8	0.4	0.6	0.9	1.1	1.7	2.1
2007	99	1	99	16.0	20.6	22.8	25.0	28.5	39.2
2007	99	2	1	8.7	14.9	16.8	20.2	24.7	33.1
2007	99	2	2	35.7	48.9	52.5	56.6	60.7	67.8
2007	99	2	3	43.5	70.0	75.7	79.5	81.7	90.4
2007	99	2	4	44.2	72.0	76.8	79.6	83.0	90.8
2007	99	2	5	62.9	71.1	74.2	76.7	80.5	89.2
2007	99	2	6	60.0	66.8	70.3	74.9	77.6	84.2
2007	99	2	7	38.1	44.0	46.5	50.9	54.9	63.4
2007	99	2	8	0.0	1.2	2.3	3.3	5.0	10.3
2007	99	2	99	46.2	57.8	61.1	64.0	66.8	69.9
2007	99	3	1	0.0	5.4	38.0	61.1	100.0	100.0
2007	99	3	2	31.1	44.8	53.7	57.9	62.0	83.4
2007	99	3	3	52.4	72.0	79.1	83.9	86.1	88.9
2007	99	3	4	69.5	81.7	85.3	88.0	89.9	94.1
2007	99	3	5	79.7	85.1	86.2	88.4	90.3	100.0
2007	99	3	6	75.9	84.8	87.8	89.6	91.4	95.7
2007	99	3	7	49.5	59.6	62.8	69.2	72.0	79.5
2007	99	3	8	0.0	5.1	8.1	10.5	15.8	39.7
2007	99	3	99	68.9	73.8	75.8	78.5	80.3	84.4
2007	99	99	1	9.8	15.7	18.0	21.3	24.9	32.9
2007	99	99	2	35.7	50.3	53.1	57.4	60.4	66.6
2007	99	99	3	42.2	70.9	76.6	79.6	81.6	88.3
2007	99	99	4	52.0	74.6	78.4	80.8	85.0	88.8
2007	99	99	5	59.5	72.7	76.6	80.1	81.9	86.9
2007	99	99	6	49.0	65.8	69.9	73.1	78.2	83.1
2007	99	99	7	29.7	39.0	42.4	44.7	48.9	60.5
2007	99	99	8	0.6	1.3	1.6	2.0	2.3	4.1
2007	99	99	99	41.1	46.4	50.6	53.8	56.5	60.4
2008	1	1	1	0.0	14.1	18.6	25.3	34.6	49.1
2008	1	1	2	24.5	50.8	57.9	64.9	79.2	100.0
2008	1	1	3	0.0	44.9	62.2	72.3	81.6	100.0
2008	1	1	4	34.0	64.0	70.0	74.7	82.9	96.8
2008	1	1	5	61.2	65.0	70.2	74.1	81.2	89.7
2008	1	1	6	55.2	67.0	73.1	77.8	80.5	96.6
2008	1	1	7	25.4	46.6	51.9	57.4	62.7	82.7
2008	1	1	8	0.4	1.0	1.5	2.1	2.5	7.8
2008	1	1	99	20.6	26.5	33.7	36.6	39.6	44.6
2008	1	2	1	7.6	12.3	17.8	21.5	25.7	32.6
2008	1	2	2	46.5	53.8	56.2	59.7	64.7	78.0
2008	1	2	3	64.4	74.9	79.3	81.8	84.4	94.8
2008	1	2	4	72.8	81.1	83.8	87.8	89.6	94.7
2008	1	2	5	77.2	83.8	87.2	89.7	92.3	95.6
2008	1	2	6	74.2	81.2	84.2	86.6	88.7	95.1
2008	1	2	7	43.2	55.8	61.0	64.8	69.7	82.6
2008	1	2	8	0.0	1.9	3.1	4.6	6.9	10.9
2008	1	2	99	63.6	67.2	70.5	72.8	74.8	79.7
2008	1	3	1	0.0	10.8	56.6	79.0	100.0	100.0
2008	1	3	2	12.6	44.6	52.1	56.9	64.2	81.4
2008	1	3	3	51.1	74.3	76.8	83.4	86.4	94.5
2008	1	3	4	76.8	88.1	91.1	93.8	96.5	100.0
2008	1	3	5	77.4	91.5	93.9	95.3	97.1	100.0
2008	1	3	6	82.4	88.5	91.8	94.0	95.6	98.0
2008	1	3	7	41.4	60.0	64.1	70.7	78.6	96.5
2008	1	3	8	0.0	6.4	10.3	13.6	17.6	35.0
2008	1	3	99	67.7	76.2	79.0	81.4	83.8	88.7
2008	1	99	1	7.7	12.7	19.4	24.1	26.6	32.7
2008	1	99	2	44.2	52.3	56.5	59.5	63.9	79.3
2008	1	99	3	64.4	73.2	77.6	80.6	84.7	89.9
2008	1	99	4	71.0	82.1	85.1	87.8	90.6	96.2
2008	1	99	5	77.1	84.0	87.1	89.1	91.5	94.3
2008	1	99	6	73.1	79.2	83.3	86.1	88.8	94.5
2008	1	99	7	44.4	53.8	57.3	61.9	67.3	77.9
2008	1	99	8	1.0	2.0	2.7	3.2	3.8	8.9
2008	1	99	99	53.5	56.9	60.2	62.7	65.4	68.5
2008	6	1	1	0.0	3.8	8.1	13.0	16.6	28.3
2008	6	1	2	0.0	15.2	34.1	44.6	53.2	100.0
2008	6	1	3	0.0	16.6	28.0	44.4	64.6	100.0
2008	6	1	4	0.0	29.0	38.2	50.9	63.5	100.0
2008	6	1	5	9.0	37.1	41.7	51.2	58.1	68.2
2008	6	1	6	8.4	30.6	40.3	46.1	50.7	60.3
2008	6	1	7	6.0	15.0	19.0	23.2	28.0	31.3
2008	6	1	8	0.1	0.5	0.7	0.8	1.3	2.2
2008	6	1	99	7.7	10.7	12.5	15.2	17.4	20.4
2008	6	2	1	0.6	7.4	9.7	13.8	16.8	25.1
2008	6	2	2	20.8	40.0	43.1	47.3	52.6	61.3
2008	6	2	3	25.9	57.7	65.1	71.3	76.4	87.0
2008	6	2	4	40.0	53.7	60.0	67.8	74.4	85.2
2008	6	2	5	42.4	52.8	57.5	61.5	67.7	78.1
2008	6	2	6	39.8	49.5	54.7	60.2	66.5	77.1
2008	6	2	7	7.8	26.7	33.5	35.3	38.9	50.6
2008	6	2	8	0.0	1.3	2.0	3.7	5.2	18.8
2008	6	2	99	32.3	42.4	46.8	51.1	55.6	63.7
2008	6	3	1	0.0	0.0	34.5	65.9	100.0	100.0
2008	6	3	2	27.2	44.7	49.2	54.4	62.8	83.6
2008	6	3	3	54.0	68.5	72.8	79.4	83.6	93.6
2008	6	3	4	38.9	73.7	79.3	82.2	85.6	96.7
2008	6	3	5	69.7	75.6	78.6	81.8	85.0	96.0
2008	6	3	6	62.5	76.2	80.9	83.5	86.4	96.2
2008	6	3	7	35.2	54.9	59.6	66.0	73.7	87.1
2008	6	3	8	0.0	0.0	2.4	5.5	9.0	17.2
2008	6	3	99	63.1	68.6	71.8	73.5	77.0	83.9
2008	6	99	1	2.3	8.1	11.0	13.8	16.4	22.9
2008	6	99	2	23.0	41.2	45.4	48.5	53.7	61.9
2008	6	99	3	30.1	59.3	66.2	73.1	76.0	82.9
2008	6	99	4	42.6	60.4	66.3	73.3	77.9	85.7
2008	6	99	5	40.7	56.0	62.2	68.2	73.6	79.2
2008	6	99	6	33.0	48.5	55.8	60.6	67.4	73.4
2008	6	99	7	10.3	22.0	28.1	32.1	35.6	43.1
2008	6	99	8	0.1	0.7	1.0	1.3	1.8	3.2
2008	6	99	99	26.2	34.7	40.0	43.7	47.1	51.1
2008	99	1	1	0.0	11.7	16.1	20.3	25.7	35.6
2008	99	1	2	16.1	43.6	49.6	55.0	62.3	85.3
2008	99	1	3	19.1	36.8	48.5	58.6	70.7	94.5
2008	99	1	4	24.7	52.0	56.1	66.2	71.5	85.9
2008	99	1	5	36.7	54.3	60.4	63.4	68.6	80.3
2008	99	1	6	30.8	47.5	56.1	60.9	64.6	73.3
2008	99	1	7	15.5	29.7	34.1	38.5	41.7	55.9
2008	99	1	8	0.3	0.7	0.9	1.4	1.8	4.5
2008	99	1	99	14.6	18.5	22.1	25.0	27.5	31.8
2008	99	2	1	6.8	11.7	14.1	16.3	19.6	27.6
2008	99	2	2	34.7	47.7	51.1	53.6	58.4	66.6
2008	99	2	3	53.7	67.7	74.2	76.7	79.4	86.4
2008	99	2	4	60.3	68.9	73.4	78.8	82.2	89.5
2008	99	2	5	60.7	68.6	73.0	77.0	79.7	85.9
2008	99	2	6	60.1	66.0	69.7	74.3	77.5	85.4
2008	99	2	7	26.8	41.2	47.5	50.3	56.4	65.6
2008	99	2	8	0.0	2.2	3.1	4.0	5.5	13.2
2008	99	2	99	49.3	55.8	59.2	62.3	66.0	71.9
2008	99	3	1	0.0	0.0	36.6	67.6	100.0	100.0
2008	99	3	2	31.2	46.5	50.0	54.1	59.7	78.3
2008	99	3	3	52.8	71.7	75.6	80.1	85.2	90.8
2008	99	3	4	67.7	79.7	84.4	87.7	90.0	98.1
2008	99	3	5	74.3	84.3	86.0	87.6	89.8	98.5
2008	99	3	6	75.3	84.3	86.6	88.7	91.0	96.9
2008	99	3	7	42.3	60.0	64.3	68.0	73.9	90.7
2008	99	3	8	0.0	5.1	8.0	11.4	13.5	25.4
2008	99	3	99	67.8	73.1	75.4	77.4	80.2	86.3
2008	99	99	1	6.5	11.8	15.2	18.3	20.7	25.7
2008	99	99	2	34.6	47.9	50.6	53.8	58.0	64.5
2008	99	99	3	47.9	67.3	72.9	76.7	79.2	84.2
2008	99	99	4	59.6	71.8	74.9	80.6	84.8	89.5
2008	99	99	5	62.3	70.1	74.7	79.0	81.8	86.2
2008	99	99	6	54.9	64.0	69.0	73.9	78.2	82.9
2008	99	99	7	29.0	38.7	43.3	46.5	49.1	61.5
2008	99	99	8	0.8	1.4	1.7	2.1	2.5	5.3
2008	99	99	99	41.4	45.7	48.6	53.3	56.6	59.0
2009	1	1	1	0.0	6.2	11.4	15.2	21.7	35.2
2009	1	1	2	9.8	36.4	42.8	50.0	60.9	100.0
2009	1	1	3	0.0	40.1	49.6	57.3	70.2	92.2
2009	1	1	4	0.0	46.7	55.0	60.9	73.2	100.0
2009	1	1	5	33.4	55.3	61.8	65.3	70.2	86.5
2009	1	1	6	29.2	58.2	63.1	71.5	76.9	93.8
2009	1	1	7	33.3	40.1	45.2	53.1	58.9	69.5
2009	1	1	8	0.2	0.7	1.2	1.5	2.0	13.8
2009	1	1	99	16.4	24.0	27.9	31.8	34.3	43.5
2009	1	2	1	1.1	7.7	10.7	13.2	18.0	27.8
2009	1	2	2	28.3	41.8	46.0	49.9	53.4	69.4
2009	1	2	3	51.0	63.5	68.4	72.3	76.3	92.2
2009	1	2	4	52.1	71.2	74.5	79.5	83.9	95.7
2009	1	2	5	66.6	75.2	79.4	82.7	85.5	92.5
2009	1	2	6	62.0	74.9	79.7	82.1	85.9	92.7
2009	1	2	7	41.0	53.9	57.0	61.9	66.7	79.3
2009	1	2	8	0.0	1.4	2.4	3.8	5.6	8.6
2009	1	2	99	52.3	60.6	63.1	65.8	68.2	73.8
2009	1	3	1	0.0	0.0	0.0	61.9	100.0	100.0
2009	1	3	2	0.0	34.7	40.7	48.4	53.9	80.2
2009	1	3	3	55.9	64.5	69.7	73.5	79.8	88.1
2009	1	3	4	70.7	84.4	87.9	90.8	93.5	100.0
2009	1	3	5	78.9	87.2	90.5	92.2	95.0	100.0
2009	1	3	6	79.2	86.9	89.1	91.1	94.6	100.0
2009	1	3	7	44.2	62.3	66.9	69.5	74.5	95.6
2009	1	3	8	0.0	5.8	8.1	11.1	15.1	39.2
2009	1	3	99	65.1	73.1	75.6	78.3	80.4	86.7
2009	1	99	1	0.7	9.1	12.1	14.5	17.8	23.8
2009	1	99	2	31.6	41.8	45.0	49.5	53.1	69.0
2009	1	99	3	48.6	63.3	68.4	71.7	75.4	81.6
2009	1	99	4	61.2	72.7	76.4	80.3	83.7	97.1
2009	1	99	5	67.0	75.6	80.3	83.7	85.7	91.3
2009	1	99	6	65.5	74.9	78.3	81.7	85.0	91.7
2009	1	99	7	42.7	51.8	54.1	59.5	63.0	71.8
2009	1	99	8	0.7	1.8	2.1	2.7	3.3	11.5
2009	1	99	99	49.1	51.6	54.9	57.6	59.8	62.6
2009	6	1	1	0.0	0.0	4.3	8.6	12.1	68.5
2009	6	1	2	0.0	10.6	24.9	29.9	40.1	65.0
2009	6	1	3	0.0	14.7	21.1	38.1	47.9	100.0
2009	6	1	4	0.0	19.5	29.5	40.4	50.1	88.7
2009	6	1	5	15.7	32.6	39.1	46.2	52.7	78.3
2009	6	1	6	10.2	29.3	37.0	45.0	49.8	63.2
2009	6	1	7	4.3	14.2	19.6	22.9	27.8	37.7
2009	6	1	8	0.0	0.4	0.6	0.8	1.3	3.0
2009	6	1	99	6.4	9.9	11.6	13.5	16.1	26.4
2009	6	2	1	2.8	6.0	7.9	9.4	12.3	17.2
2009	6	2	2	15.6	31.3	37.1	40.8	45.2	54.3
2009	6	2	3	31.7	53.7	58.8	64.5	68.2	77.6
2009	6	2	4	40.4	50.7	58.0	63.7	69.0	79.4
2009	6	2	5	32.0	50.3	53.6	60.8	67.1	78.9
2009	6	2	6	41.2	48.2	52.7	58.6	64.8	73.8
2009	6	2	7	20.2	26.7	31.8	37.7	43.3	62.1
2009	6	2	8	0.0	0.0	1.7	2.9	4.7	22.3
2009	6	2	99	29.5	39.8	45.8	48.5	52.2	60.1
2009	6	3	1	0.0	0.0	0.0	41.1	100.0	100.0
2009	6	3	2	0.0	38.5	43.8	49.9	54.7	80.9
2009	6	3	3	47.9	65.7	71.3	78.4	82.0	89.5
2009	6	3	4	51.3	73.0	76.5	81.1	83.8	91.1
2009	6	3	5	58.5	74.3	77.2	80.6	83.8	93.1
2009	6	3	6	68.9	77.0	79.0	82.8	85.7	95.8
2009	6	3	7	38.2	54.0	59.2	65.5	73.7	82.2
2009	6	3	8	0.0	0.0	2.4	6.4	11.4	46.9
2009	6	3	99	59.8	66.7	69.8	73.0	75.7	82.0
2009	6	99	1	2.6	6.3	7.3	9.2	11.0	15.3
2009	6	99	2	11.4	34.0	40.5	42.2	45.8	57.3
2009	6	99	3	37.4	57.5	61.9	67.5	71.0	80.1
2009	6	99	4	36.1	56.9	65.2	69.2	74.8	81.0
2009	6	99	5	42.3	54.7	60.3	66.6	72.7	79.3
2009	6	99	6	35.1	49.3	54.9	59.7	66.1	74.7
2009	6	99	7	16.8	23.5	28.9	32.8	36.4	45.9
2009	6	99	8	0.3	0.7	1.0	1.4	1.8	6.6
2009	6	99	99	27.6	33.6	38.6	42.0	45.1	49.3
2009	99	1	1	0.0	6.9	9.9	13.1	15.6	40.0
2009	99	1	2	16.5	27.5	36.0	41.3	51.6	80.3
2009	99	1	3	10.2	33.0	41.7	50.3	56.7	83.6
2009	99	1	4	21.1	38.8	45.5	49.6	60.0	79.7
2009	99	1	5	30.3	46.0	52.7	56.8	59.7	81.2
2009	99	1	6	25.6	44.6	49.2	57.8	62.9	77.8
2009	99	1	7	22.5	27.5	32.3	37.0	40.6	52.2
2009	99	1	8	0.1	0.7	0.9	1.1	1.4	6.8
2009	99	1	99	11.3	16.2	19.0	22.1	24.7	33.0
2009	99	2	1	3.8	7.4	9.6	11.0	13.4	19.4
2009	99	2	2	32.5	38.3	42.1	45.3	48.1	55.2
2009	99	2	3	47.1	60.2	63.5	68.3	72.0	81.3
2009	99	2	4	49.8	62.2	67.3	71.7	76.3	88.8
2009	99	2	5	54.9	63.9	67.4	72.1	75.3	81.1
2009	99	2	6	55.5	62.2	66.6	70.8	75.3	80.6
2009	99	2	7	33.1	42.6	44.9	49.6	53.2	71.2
2009	99	2	8	0.0	1.8	2.7	3.2	5.0	9.5
2009	99	2	99	41.9	50.8	54.1	57.5	60.3	67.0
2009	99	3	1	0.0	0.0	0.0	25.5	100.0	100.0
2009	99	3	2	0.0	36.6	43.6	49.2	53.2	80.6
2009	99	3	3	51.3	66.1	71.1	74.7	80.4	86.5
2009	99	3	4	67.9	78.4	81.6	84.0	87.1	95.1
2009	99	3	5	69.9	81.5	83.4	85.5	88.5	96.6
2009	99	3	6	79.3	83.0	84.5	86.8	89.2	96.1
2009	99	3	7	47.9	61.8	64.1	67.1	71.9	84.8
2009	99	3	8	0.0	4.8	6.7	8.9	13.7	35.7
2009	99	3	99	64.4	70.1	72.1	75.0	76.7	84.3
2009	99	99	1	3.4	8.1	10.1	11.8	13.9	17.0
2009	99	99	2	32.4	38.9	41.9	45.6	47.9	55.9
2009	99	99	3	43.4	61.0	65.0	69.8	72.5	80.9
2009	99	99	4	46.2	66.6	69.6	73.7	79.6	86.3
2009	99	99	5	58.9	66.5	70.3	73.8	79.2	83.8
2009	99	99	6	51.7	60.4	66.3	71.4	75.1	81.0
2009	99	99	7	30.4	38.3	42.6	46.0	49.0	56.1
2009	99	99	8	0.6	1.2	1.6	1.9	2.6	8.8
2009	99	99	99	39.4	43.1	45.7	48.9	52.3	55.7
2010	1	1	1	0.0	4.7	8.4	11.1	15.7	35.6
2010	1	1	2	0.0	33.4	38.8	45.9	53.7	100.0
2010	1	1	3	0.0	34.4	47.1	58.4	67.6	100.0
2010	1	1	4	21.5	39.3	50.2	61.4	66.9	100.0
2010	1	1	5	38.8	53.2	57.8	63.3	70.0	85.1
2010	1	1	6	31.0	55.9	58.9	63.9	72.3	84.7
2010	1	1	7	6.0	38.3	43.3	49.2	53.4	63.8
2010	1	1	8	0.0	0.6	0.9	1.3	2.0	5.0
2010	1	1	99	15.2	21.1	25.5	28.1	31.2	45.4
2010	1	2	1	1.8	7.2	9.2	10.6	13.4	25.0
2010	1	2	2	20.1	35.7	37.9	41.9	45.0	59.2
2010	1	2	3	50.1	60.6	65.7	70.2	73.1	88.3
2010	1	2	4	57.6	69.3	73.2	77.0	82.2	93.8
2010	1	2	5	63.2	73.7	77.9	80.7	83.6	92.0
2010	1	2	6	64.6	73.7	77.4	81.7	84.1	89.1
2010	1	2	7	48.0	53.1	58.6	61.3	66.5	80.3
2010	1	2	8	0.0	1.1	2.6	3.8	5.5	14.6
2010	1	2	99	50.5	58.1	60.8	63.4	66.3	75.4
2010	1	3	1	0.0	0.0	0.0	32.9	100.0	100.0
2010	1	3	2	0.0	30.2	37.7	42.1	50.8	100.0
2010	1	3	3	47.8	61.0	65.8	73.5	79.3	93.4
2010	1	3	4	73.5	79.9	85.0	89.3	92.2	100.0
2010	1	3	5	76.3	87.3	89.4	90.9	92.7	100.0
2010	1	3	6	70.7	86.2	89.8	91.3	93.0	97.6
2010	1	3	7	43.7	60.2	65.4	70.3	75.0	89.2
2010	1	3	8	0.0	4.6	7.2	10.2	14.7	23.1
2010	1	3	99	61.1	71.5	73.9	75.8	78.4	85.6
2010	1	99	1	1.6	8.2	9.3	10.5	13.9	24.5
2010	1	99	2	28.6	35.9	39.1	41.4	48.1	56.6
2010	1	99	3	49.5	59.9	64.2	67.9	73.1	84.5
2010	1	99	4	61.0	69.7	75.7	80.0	83.7	87.4
2010	1	99	5	65.9	74.7	79.3	82.3	85.9	90.7
2010	1	99	6	62.4	72.9	75.6	80.4	84.2	88.9
2010	1	99	7	37.6	49.8	52.8	56.3	61.4	69.7
2010	1	99	8	0.7	1.5	2.0	2.4	3.8	5.7
2010	1	99	99	46.8	49.9	52.5	55.9	57.5	61.4
2010	6	1	1	0.0	0.0	2.1	3.9	9.3	31.1
2010	6	1	2	0.0	15.1	24.9	39.6	45.2	89.6
2010	6	1	3	0.0	17.2	28.4	40.3	50.4	100.0
2010	6	1	4	0.0	17.7	28.9	38.6	48.8	74.2
2010	6	1	5	12.5	30.0	35.6	46.2	52.7	83.3
2010	6	1	6	12.7	31.0	37.9	42.5	50.5	66.0
2010	6	1	7	5.7	16.4	20.2	24.2	28.9	41.6
2010	6	1	8	0.0	0.4	0.7	1.0	1.4	3.3
2010	6	1	99	5.1	9.9	11.0	12.9	16.7	27.7
2010	6	2	1	1.4	3.3	4.8	6.8	8.3	17.3
2010	6	2	2	10.7	29.2	32.3	37.6	40.5	48.9
2010	6	2	3	28.1	50.4	56.0	60.8	64.3	73.2
2010	6	2	4	31.7	50.0	56.5	61.3	66.6	74.6
2010	6	2	5	32.2	47.5	54.4	61.8	65.0	75.4
2010	6	2	6	40.8	46.5	52.5	59.1	64.3	76.4
2010	6	2	7	19.8	30.4	33.8	37.4	41.3	63.7
2010	6	2	8	0.0	0.0	1.5	2.9	5.1	13.0
2010	6	2	99	27.4	40.0	43.7	46.6	49.9	56.7
2010	6	3	1	0.0	0.0	0.0	0.0	26.0	100.0
2010	6	3	2	3.2	32.5	38.6	43.7	51.7	76.0
2010	6	3	3	44.2	65.9	68.6	71.4	78.9	91.6
2010	6	3	4	35.6	72.2	75.3	78.7	82.8	98.4
2010	6	3	5	68.0	72.3	75.7	80.1	82.3	88.5
2010	6	3	6	58.8	76.5	80.0	84.0	88.3	94.4
2010	6	3	7	30.2	53.9	60.3	67.4	72.7	86.5
2010	6	3	8	0.0	0.0	3.2	4.5	10.0	46.6
2010	6	3	99	60.4	65.6	67.7	70.7	73.6	81.2
2010	6	99	1	1.2	3.3	5.1	6.5	8.4	13.7
2010	6	99	2	12.8	31.4	34.7	39.0	42.7	52.2
2010	6	99	3	28.0	55.7	60.2	63.5	67.2	74.1
2010	6	99	4	20.2	58.6	64.0	68.1	72.2	77.7
2010	6	99	5	33.1	54.1	60.8	67.2	71.1	80.7
2010	6	99	6	41.6	49.5	54.8	60.5	67.3	74.9
2010	6	99	7	18.9	25.6	30.3	35.6	37.5	50.0
2010	6	99	8	0.2	0.6	1.2	1.4	2.0	6.1
2010	6	99	99	27.8	33.9	37.6	41.0	43.1	49.0
2010	99	1	1	0.0	3.8	6.8	9.3	11.9	23.2
2010	99	1	2	0.0	27.6	33.6	41.3	44.8	64.9
2010	99	1	3	0.0	31.4	40.2	50.9	56.8	84.6
2010	99	1	4	10.7	34.0	39.6	48.3	57.5	69.8
2010	99	1	5	31.7	43.9	49.4	52.6	60.8	76.5
2010	99	1	6	30.6	43.3	48.8	54.8	60.3	68.4
2010	99	1	7	13.9	27.7	30.5	33.9	41.2	50.9
2010	99	1	8	0.2	0.6	0.9	1.2	1.5	3.8
2010	99	1	99	10.3	15.1	17.7	20.5	23.5	35.2
2010	99	2	1	2.2	6.0	7.3	8.4	10.0	16.4
2010	99	2	2	27.6	33.6	36.7	39.2	43.8	49.4
2010	99	2	3	42.7	57.1	63.4	66.3	70.0	75.1
2010	99	2	4	51.2	61.1	66.1	69.8	72.9	81.7
2010	99	2	5	54.7	61.9	67.6	71.8	74.4	81.9
2010	99	2	6	53.6	60.0	65.6	70.4	73.5	78.0
2010	99	2	7	35.4	43.4	46.2	48.6	53.3	72.0
2010	99	2	8	0.0	1.6	2.3	3.6	5.0	8.1
2010	99	2	99	42.3	49.4	53.5	55.8	58.4	63.6
2010	99	3	1	0.0	0.0	0.0	0.0	61.2	100.0
2010	99	3	2	2.5	33.4	37.4	43.1	49.1	70.9
2010	99	3	3	45.4	63.4	68.2	72.4	77.1	92.3
2010	99	3	4	68.9	76.8	80.0	83.4	85.4	90.6
2010	99	3	5	71.8	80.2	82.1	84.7	86.9	92.4
2010	99	3	6	65.3	81.8	85.1	87.4	90.2	93.7
2010	99	3	7	36.6	59.8	64.6	68.8	72.6	88.1
2010	99	3	8	0.0	5.2	7.1	8.3	11.5	30.8
2010	99	3	99	61.6	67.6	71.0	73.0	76.9	82.4
2010	99	99	1	2.1	6.8	7.4	8.3	10.1	16.1
2010	99	99	2	23.4	34.1	37.5	40.2	44.5	50.7
2010	99	99	3	40.6	59.0	62.8	66.0	70.7	76.9
2010	99	99	4	41.8	65.5	70.0	74.2	76.7	82.4
2010	99	99	5	59.0	64.2	70.0	74.0	77.0	85.6
2010	99	99	6	53.4	60.6	65.4	71.7	75.7	80.7
2010	99	99	7	27.9	38.2	41.0	45.1	48.7	59.2
2010	99	99	8	0.5	1.3	1.6	2.0	2.6	5.1
2010	99	99	99	39.5	41.9	44.5	48.2	51.0	54.6
2011	1	1	1	0.0	2.0	4.6	7.5	11.2	39.1
2011	1	1	2	11.7	31.1	37.4	45.2	59.7	83.0
2011	1	1	3	0.0	33.1	43.0	51.6	68.9	100.0
2011	1	1	4	0.0	30.7	45.2	59.0	71.0	100.0
2011	1	1	5	38.3	49.9	55.0	59.4	69.1	78.2
2011	1	1	6	18.6	48.9	54.0	60.2	66.8	83.4
2011	1	1	7	24.2	36.0	40.0	45.7	50.7	67.9
2011	1	1	8	0.0	0.5	0.8	1.2	1.5	4.5
2011	1	1	99	12.4	19.7	23.6	26.2	29.8	33.4
2011	1	2	1	1.2	4.6	6.2	8.1	9.8	22.1
2011	1	2	2	14.4	29.3	33.8	37.3	41.6	59.1
2011	1	2	3	52.3	60.3	63.3	68.8	71.2	81.8
2011	1	2	4	57.2	66.4	69.9	74.4	83.5	87.7
2011	1	2	5	65.8	72.1	75.8	78.6	82.7	90.6
2011	1	2	6	61.1	71.3	75.2	79.4	81.7	90.0
2011	1	2	7	43.4	51.8	55.6	60.6	68.6	76.5
2011	1	2	8	0.0	0.0	1.6	3.8	5.7	11.3
2011	1	2	99	50.7	54.8	58.0	60.5	64.0	69.8
2011	1	3	1	0.0	0.0	0.0	26.1	57.3	100.0
2011	1	3	2	11.2	23.4	28.4	36.8	47.4	80.2
2011	1	3	3	34.4	59.8	66.7	71.1	76.2	86.4
2011	1	3	4	62.7	77.5	81.8	86.4	88.6	94.9
2011	1	3	5	73.2	84.2	87.7	89.3	92.4	97.8
2011	1	3	6	63.4	83.9	87.6	90.2	92.1	99.0
2011	1	3	7	39.2	62.6	67.3	70.7	76.3	88.8
2011	1	3	8	0.0	3.7	6.0	8.8	11.3	54.6
2011	1	3	99	60.2	70.5	72.8	74.7	77.3	82.0
2011	1	99	1	1.6	5.0	6.1	8.0	10.7	21.2
2011	1	99	2	16.9	31.3	35.1	38.5	43.2	53.3
2011	1	99	3	49.7	59.4	62.5	65.6	71.6	80.0
2011	1	99	4	55.1	67.9	73.7	76.9	80.2	87.2
2011	1	99	5	67.2	73.2	77.5	80.4	83.5	91.6
2011	1	99	6	60.3	69.3	74.6	77.7	82.0	89.6
2011	1	99	7	38.7	49.5	51.1	56.2	61.9	73.8
2011	1	99	8	0.5	1.3	1.8	2.4	3.3	4.8
2011	1	99	99	45.4	48.0	50.8	53.7	56.9	63.1
2011	6	1	1	0.0	0.0	0.8	4.6	8.2	26.4
2011	6	1	2	0.0	11.5	25.9	44.4	54.4	100.0
2011	6	1	3	0.0	11.7	29.4	39.9	47.2	100.0
2011	6	1	4	0.0	16.8	29.9	41.1	50.1	100.0
2011	6	1	5	12.6	30.2	33.8	43.0	51.1	71.8
2011	6	1	6	18.1	30.1	35.6	41.2	48.4	60.8
2011	6	1	7	11.6	19.1	22.1	24.7	32.8	44.4
2011	6	1	8	0.0	0.4	0.7	0.9	1.2	2.2
2011	6	1	99	7.2	9.5	11.1	12.3	15.1	19.8
2011	6	2	1	0.0	2.3	4.6	6.2	8.0	17.1
2011	6	2	2	9.9	25.3	29.5	32.3	37.6	45.8
2011	6	2	3	22.4	49.2	54.7	58.6	64.9	71.6
2011	6	2	4	26.7	48.2	55.6	59.8	67.6	75.9
2011	6	2	5	37.5	47.1	56.4	60.4	64.9	72.2
2011	6	2	6	38.3	49.9	53.9	59.8	64.0	71.7
2011	6	2	7	24.3	33.9	37.7	41.0	45.9	65.6
2011	6	2	8	0.0	0.8	1.9	3.4	5.5	17.2
2011	6	2	99	26.7	39.2	44.4	47.3	49.0	55.7
2011	6	3	1	0.0	0.0	0.0	73.8	100.0	100.0
2011	6	3	2	21.2	28.1	34.6	41.1	46.2	66.9
2011	6	3	3	23.4	57.2	64.5	70.9	75.4	89.8
2011	6	3	4	58.0	71.6	75.8	79.5	82.4	92.9
2011	6	3	5	61.6	72.1	75.8	79.3	81.7	85.3
2011	6	3	6	69.1	75.4	78.3	81.3	84.3	95.9
2011	6	3	7	36.5	58.7	61.3	66.6	71.3	95.1
2011	6	3	8	0.0	0.0	3.0	5.8	7.9	18.2
2011	6	3	99	57.4	61.9	67.0	70.8	73.3	79.4
2011	6	99	1	0.0	3.0	4.4	6.9	8.0	16.9
2011	6	99	2	15.5	28.5	31.9	34.8	40.0	50.6
2011	6	99	3	20.8	52.3	57.6	61.9	66.5	74.0
2011	6	99	4	29.4	56.1	62.9	68.0	73.8	82.3
2011	6	99	5	34.1	55.0	62.1	67.2	70.6	77.0
2011	6	99	6	39.7	50.0	55.2	60.6	67.3	75.0
2011	6	99	7	19.2	29.1	34.3	36.2	42.3	55.5
2011	6	99	8	0.2	0.8	1.2	1.5	1.9	3.9
2011	6	99	99	27.5	33.1	37.8	41.4	44.3	48.1
2011	99	1	1	0.0	2.4	4.6	6.6	9.2	33.0
2011	99	1	2	5.5	28.3	35.5	41.2	51.7	80.9
2011	99	1	3	6.9	29.8	37.7	48.8	53.7	100.0
2011	99	1	4	0.0	31.2	41.4	50.1	56.0	100.0
2011	99	1	5	24.4	44.0	46.7	51.7	56.2	69.9
2011	99	1	6	25.0	38.9	45.3	50.9	54.7	69.5
2011	99	1	7	17.2	26.6	30.6	34.3	40.4	56.1
2011	99	1	8	0.0	0.5	0.8	1.0	1.4	2.6
2011	99	1	99	9.8	14.2	16.6	18.5	21.1	25.8
2011	99	2	1	0.6	4.4	5.6	6.8	9.2	13.2
2011	99	2	2	12.4	29.7	31.7	35.8	38.7	47.4
2011	99	2	3	48.0	55.8	60.9	63.3	67.2	74.9
2011	99	2	4	52.8	59.2	63.7	67.7	74.5	82.1
2011	99	2	5	53.3	62.2	65.6	70.4	73.5	82.2
2011	99	2	6	54.3	59.6	64.1	69.1	73.9	77.4
2011	99	2	7	34.7	43.2	46.0	51.5	57.4	68.5
2011	99	2	8	0.0	1.1	2.1	3.7	4.9	13.5
2011	99	2	99	43.2	47.3	51.8	54.2	56.5	61.6
2011	99	3	1	0.0	0.0	13.1	54.5	92.8	100.0
2011	99	3	2	20.4	29.6	34.4	37.6	45.6	64.7
2011	99	3	3	38.1	60.3	64.4	69.3	75.8	86.6
2011	99	3	4	65.6	75.1	78.2	81.2	85.5	93.4
2011	99	3	5	69.6	79.6	81.2	83.2	85.1	89.6
2011	99	3	6	67.0	80.8	83.5	86.1	87.3	97.4
2011	99	3	7	42.1	62.5	64.9	69.4	73.5	87.8
2011	99	3	8	0.0	3.4	5.6	6.9	10.0	30.1
2011	99	3	99	60.7	66.4	70.0	72.4	75.1	79.0
2011	99	99	1	2.8	4.7	6.2	6.7	8.8	15.3
2011	99	99	2	16.2	31.0	34.1	36.5	41.2	47.3
2011	99	99	3	47.5	54.8	60.8	64.2	68.6	76.0
2011	99	99	4	48.3	61.0	68.2	72.0	75.9	84.5
2011	99	99	5	54.9	64.0	68.5	74.2	76.2	84.5
2011	99	99	6	54.7	58.9	64.7	70.1	74.9	79.9
2011	99	99	7	28.7	38.7	42.9	47.4	51.6	62.2
2011	99	99	8	0.6	1.2	1.4	1.9	2.5	4.3
2011	99	99	99	38.4	40.7	43.0	48.0	50.5	55.1
