year	sexo	estud_gr	edad_gr	min_t	p20_t	p40_t	p60_t	p80_t	max_t
1996	1	1	1	0	24	36	51	64	100
1996	1	1	2	12	19	29	36	52	79
1996	1	1	3	3	20	24	34	45	81
1996	1	1	4	0	11	17	23	34	55
1996	1	1	5	2	7	12	16	23	48
1996	1	1	6	1	5	9	14	21	29
1996	1	1	7	2	6	10	11	17	31
1996	1	1	8	0	0	0	0	0	13
1996	1	1	99	4	8	12	17	26	43
1996	1	2	1	12	30	36	42	50	64
1996	1	2	2	11	17	26	32	37	52
1996	1	2	3	2	12	16	20	28	38
1996	1	2	4	3	7	10	14	19	31
1996	1	2	5	2	5	8	10	13	18
1996	1	2	6	0	4	6	8	10	21
1996	1	2	7	0	0	1	7	13	37
1996	1	2	8	0	0	0	0	0	100
1996	1	2	99	6	11	14	18	21	33
1996	1	3	1	0	0	0	0	0	100
1996	1	3	2	0	31	44	58	76	100
1996	1	3	3	4	18	24	32	40	75
1996	1	3	4	0	5	8	13	16	51
1996	1	3	5	0	0	2	4	6	12
1996	1	3	6	0	0	0	3	5	11
1996	1	3	7	0	0	0	1	5	21
1996	1	3	8	0	0	0	0	0	14
1996	1	3	99	5	8	9	12	14	25
1996	1	99	1	12	31	38	45	52	63
1996	1	99	2	14	21	29	33	39	61
1996	1	99	3	6	14	19	23	33	41
1996	1	99	4	4	8	12	15	21	34
1996	1	99	5	2	6	9	12	15	22
1996	1	99	6	2	5	8	11	16	23
1996	1	99	7	1	6	9	11	15	26
1996	1	99	8	0	0	0	0	2	7
1996	1	99	99	6	10	13	17	22	31
1996	6	1	1	0	27	49	61	80	100
1996	6	1	2	0	31	40	51	64	100
1996	6	1	3	0	24	39	52	62	100
1996	6	1	4	0	19	28	38	53	84
1996	6	1	5	9	19	26	29	36	63
1996	6	1	6	3	12	17	23	28	54
1996	6	1	7	0	4	7	14	22	44
1996	6	1	8	0	0	0	0	0	29
1996	6	1	99	7	15	21	26	37	56
1996	6	2	1	32	49	56	62	72	94
1996	6	2	2	20	36	41	48	55	68
1996	6	2	3	13	26	30	38	46	60
1996	6	2	4	6	25	31	35	39	52
1996	6	2	5	11	18	25	28	34	43
1996	6	2	6	0	8	15	22	24	58
1996	6	2	7	0	0	2	9	19	42
1996	6	2	8	0	0	0	0	0	100
1996	6	2	99	16	29	33	38	42	58
1996	6	3	1	0	0	0	0	100	100
1996	6	3	2	20	47	53	62	72	100
1996	6	3	3	11	26	35	39	44	62
1996	6	3	4	6	12	16	21	29	47
1996	6	3	5	2	6	8	11	15	37
1996	6	3	6	0	0	0	4	7	25
1996	6	3	7	0	0	0	0	8	35
1996	6	3	8	0	0	0	0	0	0
1996	6	3	99	7	17	21	24	27	35
1996	6	99	1	32	47	55	62	71	90
1996	6	99	2	24	40	44	51	55	67
1996	6	99	3	15	28	33	40	46	59
1996	6	99	4	9	23	28	32	38	49
1996	6	99	5	11	17	21	24	28	42
1996	6	99	6	4	11	14	18	24	47
1996	6	99	7	2	4	6	14	19	40
1996	6	99	8	0	0	0	0	0	29
1996	6	99	99	14	22	27	31	36	53
1996	99	1	1	0	36	47	53	65	100
1996	99	1	2	13	27	33	42	54	80
1996	99	1	3	12	24	30	35	46	85
1996	99	1	4	2	14	20	28	37	57
1996	99	1	5	5	12	16	21	30	38
1996	99	1	6	2	9	12	16	23	32
1996	99	1	7	2	7	10	12	17	33
1996	99	1	8	0	0	0	0	2	14
1996	99	1	99	6	12	14	19	29	43
1996	99	2	1	21	39	46	50	56	71
1996	99	2	2	16	27	33	39	44	59
1996	99	2	3	8	17	23	28	35	47
1996	99	2	4	4	13	18	22	25	38
1996	99	2	5	6	10	14	17	19	25
1996	99	2	6	0	6	9	11	16	23
1996	99	2	7	0	2	5	9	13	26
1996	99	2	8	0	0	0	0	0	79
1996	99	2	99	10	18	22	25	28	43
1996	99	3	1	0	0	0	0	100	100
1996	99	3	2	18	44	51	60	73	88
1996	99	3	3	10	26	32	34	41	62
1996	99	3	4	4	11	13	17	21	43
1996	99	3	5	2	4	6	6	9	15
1996	99	3	6	0	1	2	3	6	14
1996	99	3	7	0	0	0	3	7	12
1996	99	3	8	0	0	0	0	0	10
1996	99	3	99	6	13	16	17	20	29
1996	99	99	1	20	39	46	52	56	75
1996	99	99	2	19	30	35	41	47	62
1996	99	99	3	12	22	25	30	39	48
1996	99	99	4	6	13	18	22	26	39
1996	99	99	5	6	12	14	16	18	28
1996	99	99	6	3	8	10	13	18	27
1996	99	99	7	2	6	8	11	13	28
1996	99	99	8	0	0	0	0	3	13
1996	99	99	99	9	14	19	22	27	39
1997	1	1	1	0	28	41	51	64	100
1997	1	1	2	0	15	26	36	44	70
1997	1	1	3	0	9	21	28	37	69
1997	1	1	4	0	8	14	21	29	47
1997	1	1	5	0	8	11	15	19	35
1997	1	1	6	1	6	8	12	17	28
1997	1	1	7	0	6	9	11	15	27
1997	1	1	8	0	0	0	0	0	39
1997	1	1	99	2	7	11	15	23	36
1997	1	2	1	11	27	35	46	49	69
1997	1	2	2	9	16	22	29	37	45
1997	1	2	3	5	10	15	18	25	40
1997	1	2	4	1	8	12	14	17	30
1997	1	2	5	2	5	8	11	14	20
1997	1	2	6	0	4	6	8	11	19
1997	1	2	7	0	0	3	9	14	28
1997	1	2	8	0	0	0	0	0	51
1997	1	2	99	6	9	14	17	19	30
1997	1	3	1	0	0	0	0	0	100
1997	1	3	2	0	31	39	50	69	100
1997	1	3	3	0	15	25	33	37	89
1997	1	3	4	0	6	10	13	20	42
1997	1	3	5	0	1	2	4	6	11
1997	1	3	6	0	0	0	2	4	15
1997	1	3	7	0	0	0	2	5	20
1997	1	3	8	0	0	0	0	0	11
1997	1	3	99	3	7	9	11	14	30
1997	1	99	1	9	25	38	46	49	77
1997	1	99	2	9	17	25	30	38	48
1997	1	99	3	7	14	17	20	26	41
1997	1	99	4	4	8	12	15	19	36
1997	1	99	5	2	6	9	11	14	22
1997	1	99	6	1	5	7	9	14	20
1997	1	99	7	1	6	8	11	14	25
1997	1	99	8	0	0	0	0	0	12
1997	1	99	99	5	9	13	15	19	30
1997	6	1	1	0	39	56	67	84	100
1997	6	1	2	0	24	36	45	54	100
1997	6	1	3	0	15	37	46	56	87
1997	6	1	4	0	20	33	48	55	87
1997	6	1	5	10	19	25	29	39	56
1997	6	1	6	4	11	17	22	25	53
1997	6	1	7	1	4	7	13	20	49
1997	6	1	8	0	0	0	0	6	30
1997	6	1	99	9	15	21	25	34	57
1997	6	2	1	18	42	52	60	69	87
1997	6	2	2	17	32	40	49	52	72
1997	6	2	3	13	23	32	36	44	57
1997	6	2	4	14	22	27	31	36	52
1997	6	2	5	10	20	24	28	36	66
1997	6	2	6	0	10	14	21	28	100
1997	6	2	7	0	0	0	13	20	35
1997	6	2	8	0	0	0	0	0	67
1997	6	2	99	16	26	29	35	42	54
1997	6	3	1	0	0	0	0	0	100
1997	6	3	2	14	33	51	59	66	92
1997	6	3	3	6	24	33	41	47	70
1997	6	3	4	2	11	15	21	28	43
1997	6	3	5	2	6	9	11	15	22
1997	6	3	6	0	0	2	5	9	24
1997	6	3	7	0	0	0	0	3	33
1997	6	3	8	0	0	0	0	0	0
1997	6	3	99	5	17	20	24	27	39
1997	6	99	1	24	44	53	60	65	80
1997	6	99	2	20	34	42	50	53	71
1997	6	99	3	14	26	32	40	46	58
1997	6	99	4	12	22	25	30	36	48
1997	6	99	5	10	18	20	25	28	45
1997	6	99	6	5	10	15	18	21	43
1997	6	99	7	1	4	8	12	18	46
1997	6	99	8	0	0	0	0	5	30
1997	6	99	99	13	21	26	29	37	52
1997	99	1	1	7	33	47	54	70	100
1997	99	1	2	0	20	30	35	43	68
1997	99	1	3	0	11	27	33	40	64
1997	99	1	4	0	13	18	24	37	59
1997	99	1	5	6	12	16	19	28	41
1997	99	1	6	2	8	11	14	21	35
1997	99	1	7	1	6	8	11	15	32
1997	99	1	8	0	0	0	0	4	23
1997	99	1	99	5	10	14	18	27	43
1997	99	2	1	20	34	42	51	57	72
1997	99	2	2	13	23	30	37	42	53
1997	99	2	3	9	17	21	26	33	46
1997	99	2	4	8	13	17	20	24	38
1997	99	2	5	6	9	14	17	20	26
1997	99	2	6	2	6	10	11	14	25
1997	99	2	7	0	2	5	9	14	25
1997	99	2	8	0	0	0	0	0	67
1997	99	2	99	10	14	20	24	26	40
1997	99	3	1	0	0	0	0	0	100
1997	99	3	2	16	39	46	57	63	94
1997	99	3	3	6	23	30	38	45	69
1997	99	3	4	2	11	14	18	22	37
1997	99	3	5	2	4	6	7	9	15
1997	99	3	6	0	0	2	3	5	13
1997	99	3	7	0	0	0	3	5	18
1997	99	3	8	0	0	0	0	0	11
1997	99	3	99	4	13	15	18	19	34
1997	99	99	1	23	34	45	50	56	78
1997	99	99	2	16	25	32	38	44	57
1997	99	99	3	10	20	24	28	35	49
1997	99	99	4	9	14	17	20	23	40
1997	99	99	5	7	10	14	15	19	30
1997	99	99	6	3	7	10	13	16	25
1997	99	99	7	2	6	7	11	13	28
1997	99	99	8	0	0	0	0	3	18
1997	99	99	99	8	13	18	21	27	38
1998	1	1	1	0	23	31	45	57	88
1998	1	1	2	0	12	19	30	41	64
1998	1	1	3	0	9	14	23	29	59
1998	1	1	4	0	8	14	19	25	55
1998	1	1	5	1	5	9	13	19	31
1998	1	1	6	1	5	7	10	15	26
1998	1	1	7	1	5	7	10	13	24
1998	1	1	8	0	0	0	0	0	30
1998	1	1	99	2	6	10	13	16	31
1998	1	2	1	6	20	29	38	45	80
1998	1	2	2	2	13	20	25	33	48
1998	1	2	3	1	7	11	16	23	39
1998	1	2	4	2	4	9	11	17	29
1998	1	2	5	1	4	5	9	10	19
1998	1	2	6	0	3	5	7	10	16
1998	1	2	7	0	1	5	8	12	31
1998	1	2	8	0	0	0	0	0	0
1998	1	2	99	4	8	12	14	16	31
1998	1	3	1	0	0	0	0	100	100
1998	1	3	2	10	21	42	56	68	100
1998	1	3	3	7	16	23	28	36	58
1998	1	3	4	0	3	7	12	19	42
1998	1	3	5	0	1	2	4	5	23
1998	1	3	6	0	0	1	3	5	13
1998	1	3	7	0	0	0	2	6	18
1998	1	3	8	0	0	0	0	0	0
1998	1	3	99	3	7	9	11	15	22
1998	1	99	1	5	21	30	38	44	75
1998	1	99	2	5	15	22	27	36	47
1998	1	99	3	3	10	15	19	24	39
1998	1	99	4	3	6	11	14	18	32
1998	1	99	5	1	4	7	9	11	23
1998	1	99	6	0	4	5	9	12	20
1998	1	99	7	2	5	6	9	12	22
1998	1	99	8	0	0	0	0	0	12
1998	1	99	99	4	7	11	13	16	29
1998	6	1	1	0	42	55	69	87	100
1998	6	1	2	0	20	35	53	66	100
1998	6	1	3	0	15	31	42	59	79
1998	6	1	4	0	16	29	37	47	100
1998	6	1	5	7	20	24	30	39	67
1998	6	1	6	7	12	17	21	28	55
1998	6	1	7	0	4	8	11	19	56
1998	6	1	8	0	0	0	0	0	19
1998	6	1	99	8	15	19	24	32	58
1998	6	2	1	20	39	48	55	66	78
1998	6	2	2	17	30	37	45	50	69
1998	6	2	3	15	21	27	35	41	54
1998	6	2	4	9	20	24	32	35	58
1998	6	2	5	6	16	22	26	33	50
1998	6	2	6	0	12	14	19	27	54
1998	6	2	7	0	0	7	15	26	100
1998	6	2	8	0	0	0	0	0	65
1998	6	2	99	16	22	28	33	38	56
1998	6	3	1	0	0	0	0	47	100
1998	6	3	2	20	40	46	55	65	82
1998	6	3	3	11	21	28	40	45	73
1998	6	3	4	2	14	19	22	28	57
1998	6	3	5	0	5	8	11	14	28
1998	6	3	6	0	0	1	5	8	14
1998	6	3	7	0	0	0	0	5	21
1998	6	3	8	0	0	0	0	0	0
1998	6	3	99	9	15	19	24	27	38
1998	6	99	1	17	40	49	55	65	85
1998	6	99	2	22	33	39	46	55	64
1998	6	99	3	16	22	30	38	43	57
1998	6	99	4	7	20	25	29	35	50
1998	6	99	5	9	15	19	24	29	45
1998	6	99	6	7	10	15	18	23	40
1998	6	99	7	2	5	8	11	17	49
1998	6	99	8	0	0	0	0	0	35
1998	6	99	99	13	19	23	28	34	51
1998	99	1	1	0	34	41	51	65	100
1998	99	1	2	0	17	25	37	48	65
1998	99	1	3	0	15	21	27	36	63
1998	99	1	4	0	14	18	24	30	59
1998	99	1	5	5	11	14	18	24	38
1998	99	1	6	3	7	10	13	19	35
1998	99	1	7	1	6	7	9	14	36
1998	99	1	8	0	0	0	0	0	18
1998	99	1	99	5	9	12	16	21	37
1998	99	2	1	15	29	36	45	54	74
1998	99	2	2	13	21	27	34	40	54
1998	99	2	3	8	13	18	24	31	46
1998	99	2	4	6	11	15	19	21	39
1998	99	2	5	5	9	11	14	18	26
1998	99	2	6	2	6	9	11	13	17
1998	99	2	7	0	3	7	10	13	27
1998	99	2	8	0	0	0	0	0	65
1998	99	2	99	9	13	18	21	23	40
1998	99	3	1	0	0	0	0	62	100
1998	99	3	2	16	38	46	54	63	81
1998	99	3	3	10	21	29	35	40	59
1998	99	3	4	2	10	15	18	21	41
1998	99	3	5	1	4	6	7	9	21
1998	99	3	6	0	1	2	4	6	11
1998	99	3	7	0	0	0	3	7	15
1998	99	3	8	0	0	0	0	0	0
1998	99	3	99	7	12	15	18	21	31
1998	99	99	1	13	30	38	45	51	79
1998	99	99	2	14	23	29	35	44	55
1998	99	99	3	10	16	21	26	33	47
1998	99	99	4	6	12	17	20	23	38
1998	99	99	5	6	9	12	14	17	29
1998	99	99	6	3	7	9	11	14	26
1998	99	99	7	2	5	7	9	12	29
1998	99	99	8	0	0	0	0	1	14
1998	99	99	99	8	12	16	19	23	37
1999	1	1	1	0	16	25	38	46	100
1999	1	1	2	0	10	17	26	34	69
1999	1	1	3	0	7	13	19	29	44
1999	1	1	4	0	6	9	14	20	55
1999	1	1	5	0	4	9	11	19	26
1999	1	1	6	1	4	6	8	14	24
1999	1	1	7	0	4	6	9	16	32
1999	1	1	8	0	0	0	0	0	15
1999	1	1	99	1	6	8	11	18	30
1999	1	2	1	7	18	24	32	45	75
1999	1	2	2	5	11	14	21	27	37
1999	1	2	3	2	6	10	13	20	35
1999	1	2	4	1	4	7	9	12	26
1999	1	2	5	0	3	5	7	10	14
1999	1	2	6	0	2	4	6	8	12
1999	1	2	7	0	1	4	8	11	27
1999	1	2	8	0	0	0	0	0	19
1999	1	2	99	3	6	9	11	14	25
1999	1	3	1	0	0	0	0	0	100
1999	1	3	2	6	19	33	43	60	100
1999	1	3	3	2	12	20	28	32	62
1999	1	3	4	0	3	7	12	16	31
1999	1	3	5	0	0	1	2	5	8
1999	1	3	6	0	0	1	2	5	10
1999	1	3	7	0	0	0	2	6	47
1999	1	3	8	0	0	0	0	0	11
1999	1	3	99	2	5	8	10	13	17
1999	1	99	1	10	18	24	33	45	75
1999	1	99	2	7	12	15	23	28	42
1999	1	99	3	4	8	11	16	23	36
1999	1	99	4	1	5	8	11	13	26
1999	1	99	5	1	3	5	7	10	17
1999	1	99	6	1	4	6	7	10	18
1999	1	99	7	0	4	6	8	12	27
1999	1	99	8	0	0	0	0	0	11
1999	1	99	99	3	6	9	11	16	23
1999	6	1	1	0	25	46	52	69	100
1999	6	1	2	0	10	24	41	54	92
1999	6	1	3	0	14	28	37	53	100
1999	6	1	4	0	14	24	33	49	76
1999	6	1	5	6	15	20	25	35	60
1999	6	1	6	1	11	15	17	27	48
1999	6	1	7	0	4	7	9	14	100
1999	6	1	8	0	0	0	0	0	100
1999	6	1	99	3	14	16	20	35	55
1999	6	2	1	14	33	42	48	55	94
1999	6	2	2	10	22	32	41	47	64
1999	6	2	3	6	17	23	31	38	54
1999	6	2	4	8	17	22	27	35	51
1999	6	2	5	8	15	19	24	31	45
1999	6	2	6	0	11	15	19	25	49
1999	6	2	7	0	0	6	12	19	81
1999	6	2	8	0	0	0	0	0	100
1999	6	2	99	11	17	25	29	36	53
1999	6	3	1	0	0	0	0	37	100
1999	6	3	2	8	25	43	52	61	81
1999	6	3	3	11	19	26	32	39	62
1999	6	3	4	0	9	14	19	25	36
1999	6	3	5	0	5	8	10	12	25
1999	6	3	6	0	0	2	3	7	27
1999	6	3	7	0	0	0	0	6	52
1999	6	3	8	0	0	0	0	0	0
1999	6	3	99	4	14	16	22	25	29
1999	6	99	1	14	34	41	49	57	83
1999	6	99	2	10	25	32	43	51	63
1999	6	99	3	11	18	26	32	39	54
1999	6	99	4	9	16	21	28	31	51
1999	6	99	5	8	14	18	21	29	40
1999	6	99	6	4	11	13	16	22	38
1999	6	99	7	0	5	7	10	12	38
1999	6	99	8	0	0	0	0	0	100
1999	6	99	99	10	16	20	25	31	48
1999	99	1	1	0	24	34	43	49	100
1999	99	1	2	0	14	19	27	40	63
1999	99	1	3	0	11	18	25	34	47
1999	99	1	4	0	9	15	18	26	56
1999	99	1	5	2	8	12	15	22	35
1999	99	1	6	2	7	9	11	19	33
1999	99	1	7	0	5	7	9	14	32
1999	99	1	8	0	0	0	0	2	17
1999	99	1	99	3	8	11	13	25	36
1999	99	2	1	11	25	31	38	47	76
1999	99	2	2	8	15	22	29	35	49
1999	99	2	3	4	11	15	19	28	41
1999	99	2	4	5	9	13	16	20	35
1999	99	2	5	4	7	11	13	16	24
1999	99	2	6	2	6	7	9	12	22
1999	99	2	7	0	3	6	9	14	21
1999	99	2	8	0	0	0	0	0	82
1999	99	2	99	6	10	15	17	22	36
1999	99	3	1	0	0	0	0	0	100
1999	99	3	2	7	26	37	51	58	86
1999	99	3	3	8	17	26	32	37	52
1999	99	3	4	1	8	12	15	17	29
1999	99	3	5	1	3	5	6	8	15
1999	99	3	6	0	1	2	3	5	15
1999	99	3	7	0	0	0	3	6	26
1999	99	3	8	0	0	0	0	0	10
1999	99	3	99	3	10	13	16	18	22
1999	99	99	1	17	24	32	38	47	78
1999	99	99	2	9	18	23	31	37	49
1999	99	99	3	7	12	18	23	30	41
1999	99	99	4	6	9	13	16	21	36
1999	99	99	5	4	7	11	13	16	24
1999	99	99	6	3	6	8	9	14	25
1999	99	99	7	0	5	6	8	12	27
1999	99	99	8	0	0	0	0	2	57
1999	99	99	99	6	10	14	16	21	32
2000	1	1	1	0	12	26	33	43	100
2000	1	1	2	0	6	13	21	30	50
2000	1	1	3	0	6	10	17	28	53
2000	1	1	4	0	3	10	14	21	35
2000	1	1	5	0	4	7	10	14	30
2000	1	1	6	0	3	5	8	11	19
2000	1	1	7	0	3	6	10	16	27
2000	1	1	8	0	0	0	0	0	34
2000	1	1	99	2	4	8	10	17	25
2000	1	2	1	2	17	22	27	37	87
2000	1	2	2	5	9	13	18	22	36
2000	1	2	3	1	4	7	11	15	23
2000	1	2	4	1	3	6	8	12	21
2000	1	2	5	0	3	4	6	10	21
2000	1	2	6	0	3	4	5	8	19
2000	1	2	7	0	2	5	8	10	26
2000	1	2	8	0	0	0	0	0	60
2000	1	2	99	3	5	7	10	13	22
2000	1	3	1	0	0	0	4	48	100
2000	1	3	2	0	13	19	26	33	67
2000	1	3	3	3	10	13	20	23	43
2000	1	3	4	0	3	5	9	12	20
2000	1	3	5	0	1	2	3	5	11
2000	1	3	6	0	0	1	2	4	7
2000	1	3	7	0	0	0	2	6	21
2000	1	3	8	0	0	0	0	0	0
2000	1	3	99	3	5	6	8	10	17
2000	1	99	1	2	17	22	29	35	76
2000	1	99	2	3	10	14	19	23	37
2000	1	99	3	3	7	11	13	20	26
2000	1	99	4	2	3	6	8	14	21
2000	1	99	5	1	3	4	6	11	17
2000	1	99	6	1	3	5	6	8	15
2000	1	99	7	0	4	6	8	13	22
2000	1	99	8	0	0	0	0	0	22
2000	1	99	99	3	5	7	9	15	21
2000	6	1	1	0	0	40	50	71	100
2000	6	1	2	0	9	31	44	55	100
2000	6	1	3	0	13	25	35	47	100
2000	6	1	4	0	15	24	35	55	85
2000	6	1	5	4	14	19	25	32	63
2000	6	1	6	3	9	13	16	28	49
2000	6	1	7	0	5	8	11	19	44
2000	6	1	8	0	0	0	0	0	100
2000	6	1	99	4	12	15	20	29	55
2000	6	2	1	0	27	35	46	55	93
2000	6	2	2	9	17	26	33	41	60
2000	6	2	3	8	15	21	24	36	52
2000	6	2	4	7	16	20	25	35	51
2000	6	2	5	8	14	18	23	31	46
2000	6	2	6	0	11	13	18	24	50
2000	6	2	7	0	0	5	9	14	62
2000	6	2	8	0	0	0	0	0	100
2000	6	2	99	10	16	22	25	33	48
2000	6	3	1	0	0	0	36	73	100
2000	6	3	2	9	29	35	44	53	75
2000	6	3	3	5	15	22	31	37	57
2000	6	3	4	0	8	12	17	21	36
2000	6	3	5	1	6	9	11	13	20
2000	6	3	6	0	0	3	5	7	13
2000	6	3	7	0	0	0	0	6	30
2000	6	3	8	0	0	0	0	0	0
2000	6	3	99	5	12	16	20	24	34
2000	6	99	1	0	27	37	47	54	88
2000	6	99	2	11	24	29	37	44	58
2000	6	99	3	10	16	22	30	38	49
2000	6	99	4	5	13	19	24	28	45
2000	6	99	5	8	12	16	19	25	37
2000	6	99	6	1	9	12	15	21	36
2000	6	99	7	0	5	7	11	15	34
2000	6	99	8	0	0	0	0	7	49
2000	6	99	99	9	13	19	23	28	44
2000	99	1	1	0	16	32	44	50	100
2000	99	1	2	0	13	23	27	36	58
2000	99	1	3	0	11	17	23	34	65
2000	99	1	4	0	8	15	20	25	48
2000	99	1	5	3	7	11	14	22	35
2000	99	1	6	2	5	8	10	14	27
2000	99	1	7	0	4	7	9	16	30
2000	99	1	8	0	0	0	0	0	30
2000	99	1	99	4	7	11	12	22	33
2000	99	2	1	6	22	27	33	45	73
2000	99	2	2	7	13	18	25	30	45
2000	99	2	3	5	8	12	17	23	33
2000	99	2	4	4	9	12	14	21	32
2000	99	2	5	4	7	10	12	17	28
2000	99	2	6	2	6	8	9	11	23
2000	99	2	7	0	3	6	8	11	26
2000	99	2	8	0	0	0	0	0	58
2000	99	2	99	6	9	13	16	20	32
2000	99	3	1	0	0	9	32	72	100
2000	99	3	2	9	22	30	34	43	73
2000	99	3	3	6	13	19	27	31	47
2000	99	3	4	2	6	8	12	16	21
2000	99	3	5	1	4	5	6	8	14
2000	99	3	6	0	1	2	3	4	7
2000	99	3	7	0	0	1	3	5	19
2000	99	3	8	0	0	0	0	0	0
2000	99	3	99	4	9	11	14	16	22
2000	99	99	1	11	23	28	35	42	75
2000	99	99	2	8	17	21	28	31	46
2000	99	99	3	6	12	15	22	27	36
2000	99	99	4	4	8	11	15	19	29
2000	99	99	5	4	6	9	11	16	23
2000	99	99	6	3	5	7	9	11	20
2000	99	99	7	0	5	7	9	12	24
2000	99	99	8	0	0	0	0	3	27
2000	99	99	99	5	9	12	14	19	30
2001	1	1	1	0	0	14	27	38	100
2001	1	1	2	0	0	10	19	26	45
2001	1	1	3	0	0	7	13	19	48
2001	1	1	4	0	3	8	14	21	59
2001	1	1	5	0	3	5	7	10	19
2001	1	1	6	0	2	4	6	7	16
2001	1	1	7	0	2	4	5	9	23
2001	1	1	8	0	0	0	0	0	15
2001	1	1	99	1	4	5	7	10	22
2001	1	2	1	0	11	16	23	31	42
2001	1	2	2	3	8	10	13	17	30
2001	1	2	3	1	4	6	8	9	21
2001	1	2	4	1	3	6	7	9	17
2001	1	2	5	0	2	4	5	6	15
2001	1	2	6	0	1	3	4	6	14
2001	1	2	7	0	0	2	4	9	16
2001	1	2	8	0	0	0	0	0	100
2001	1	2	99	2	4	6	7	9	19
2001	1	3	1	0	0	0	0	18	100
2001	1	3	2	4	9	13	21	28	53
2001	1	3	3	2	5	9	13	18	27
2001	1	3	4	0	1	3	5	9	16
2001	1	3	5	0	1	2	3	4	12
2001	1	3	6	0	0	1	2	3	10
2001	1	3	7	0	0	0	2	4	14
2001	1	3	8	0	0	0	0	0	4
2001	1	3	99	2	3	4	6	8	12
2001	1	99	1	0	13	19	23	28	41
2001	1	99	2	4	8	11	13	17	32
2001	1	99	3	2	6	7	9	11	23
2001	1	99	4	1	4	6	7	10	16
2001	1	99	5	1	2	3	5	7	13
2001	1	99	6	0	2	3	4	6	12
2001	1	99	7	0	2	3	5	7	19
2001	1	99	8	0	0	0	0	0	14
2001	1	99	99	2	4	5	7	9	18
2001	6	1	1	0	0	24	45	61	100
2001	6	1	2	0	0	15	31	41	100
2001	6	1	3	0	0	13	25	40	100
2001	6	1	4	0	8	18	25	38	69
2001	6	1	5	4	11	14	19	23	53
2001	6	1	6	0	5	9	14	20	41
2001	6	1	7	0	2	3	9	12	41
2001	6	1	8	0	0	0	0	0	29
2001	6	1	99	3	8	12	16	20	47
2001	6	2	1	9	20	28	34	43	74
2001	6	2	2	0	15	21	26	31	50
2001	6	2	3	2	10	16	19	26	39
2001	6	2	4	0	10	13	17	23	41
2001	6	2	5	4	7	12	15	20	38
2001	6	2	6	0	6	10	13	16	26
2001	6	2	7	0	0	3	8	11	35
2001	6	2	8	0	0	0	0	0	100
2001	6	2	99	3	10	15	18	22	39
2001	6	3	1	0	0	0	0	53	100
2001	6	3	2	0	15	28	36	45	65
2001	6	3	3	2	11	17	20	23	41
2001	6	3	4	0	5	8	11	14	28
2001	6	3	5	0	4	5	8	11	16
2001	6	3	6	0	0	2	5	7	14
2001	6	3	7	0	0	0	0	6	19
2001	6	3	8	0	0	0	0	0	65
2001	6	3	99	2	7	10	14	17	25
2001	6	99	1	9	20	31	38	47	80
2001	6	99	2	8	16	23	30	35	52
2001	6	99	3	5	12	17	20	23	34
2001	6	99	4	0	10	12	15	21	37
2001	6	99	5	3	7	10	13	16	32
2001	6	99	6	1	5	8	11	15	29
2001	6	99	7	0	2	4	7	10	35
2001	6	99	8	0	0	0	0	5	39
2001	6	99	99	3	9	13	16	19	37
2001	99	1	1	0	8	24	32	42	100
2001	99	1	2	0	7	14	20	29	58
2001	99	1	3	0	5	10	17	23	62
2001	99	1	4	0	8	12	18	24	42
2001	99	1	5	2	7	9	10	14	28
2001	99	1	6	1	5	6	8	10	24
2001	99	1	7	0	2	4	6	8	28
2001	99	1	8	0	0	0	0	2	18
2001	99	1	99	3	6	7	9	13	30
2001	99	2	1	5	16	22	25	31	51
2001	99	2	2	2	12	15	17	22	38
2001	99	2	3	2	6	10	12	16	26
2001	99	2	4	3	7	9	11	13	23
2001	99	2	5	2	4	7	8	11	21
2001	99	2	6	0	4	5	7	9	15
2001	99	2	7	0	1	3	5	9	23
2001	99	2	8	0	0	0	0	0	26
2001	99	2	99	3	6	9	11	14	26
2001	99	3	1	0	0	0	18	43	100
2001	99	3	2	10	14	21	32	38	55
2001	99	3	3	5	9	13	15	22	31
2001	99	3	4	0	4	6	8	12	21
2001	99	3	5	0	3	4	5	7	11
2001	99	3	6	0	1	2	2	4	9
2001	99	3	7	0	0	1	2	4	10
2001	99	3	8	0	0	0	0	0	14
2001	99	3	99	2	6	7	10	12	17
2001	99	99	1	4	16	24	28	32	50
2001	99	99	2	5	12	15	19	25	40
2001	99	99	3	5	9	11	13	17	28
2001	99	99	4	3	6	8	10	14	24
2001	99	99	5	2	4	6	8	10	19
2001	99	99	6	1	4	5	6	8	17
2001	99	99	7	0	2	4	5	7	23
2001	99	99	8	0	0	0	0	2	9
2001	99	99	99	3	7	9	10	13	25
2002	1	1	1	0	4	16	29	41	100
2002	1	1	2	0	7	13	23	28	67
2002	1	1	3	0	5	10	14	24	50
2002	1	1	4	0	3	7	13	18	43
2002	1	1	5	0	4	6	9	12	21
2002	1	1	6	0	2	4	6	9	22
2002	1	1	7	0	1	4	6	11	25
2002	1	1	8	0	0	0	0	0	27
2002	1	1	99	1	5	6	8	12	24
2002	1	2	1	0	10	17	22	35	51
2002	1	2	2	3	8	11	15	19	31
2002	1	2	3	0	5	8	10	13	24
2002	1	2	4	0	4	5	8	11	18
2002	1	2	5	1	3	4	5	7	15
2002	1	2	6	0	1	2	4	6	12
2002	1	2	7	0	0	3	6	8	17
2002	1	2	8	0	0	0	0	0	58
2002	1	2	99	2	5	6	8	10	20
2002	1	3	1	0	0	0	0	30	100
2002	1	3	2	4	11	16	22	29	54
2002	1	3	3	0	7	10	13	16	25
2002	1	3	4	0	2	5	7	10	16
2002	1	3	5	0	1	2	4	5	15
2002	1	3	6	0	0	1	2	3	9
2002	1	3	7	0	0	0	1	4	18
2002	1	3	8	0	0	0	0	0	2
2002	1	3	99	1	4	6	7	8	15
2002	1	99	1	0	13	18	23	32	52
2002	1	99	2	4	10	12	16	20	33
2002	1	99	3	3	7	9	11	14	21
2002	1	99	4	1	4	6	8	10	19
2002	1	99	5	2	3	4	6	7	13
2002	1	99	6	1	2	4	4	6	15
2002	1	99	7	0	2	4	5	9	20
2002	1	99	8	0	0	0	0	0	20
2002	1	99	99	3	5	6	7	9	20
2002	6	1	1	0	0	28	40	92	100
2002	6	1	2	0	0	19	27	42	100
2002	6	1	3	0	4	18	34	46	100
2002	6	1	4	0	4	13	26	44	57
2002	6	1	5	0	8	12	16	22	49
2002	6	1	6	0	7	10	16	22	43
2002	6	1	7	0	3	6	9	15	43
2002	6	1	8	0	0	0	0	0	100
2002	6	1	99	3	9	12	17	24	48
2002	6	2	1	6	23	32	42	49	88
2002	6	2	2	2	15	18	26	35	53
2002	6	2	3	1	11	17	21	27	44
2002	6	2	4	0	11	15	20	27	42
2002	6	2	5	4	9	13	18	24	40
2002	6	2	6	0	7	11	13	18	33
2002	6	2	7	0	0	4	9	14	34
2002	6	2	8	0	0	0	0	0	23
2002	6	2	99	7	12	16	19	23	43
2002	6	3	1	0	0	0	0	69	100
2002	6	3	2	8	18	23	34	42	68
2002	6	3	3	4	12	16	21	26	37
2002	6	3	4	0	6	9	13	18	29
2002	6	3	5	0	4	6	9	11	19
2002	6	3	6	0	1	3	5	8	15
2002	6	3	7	0	0	0	0	4	37
2002	6	3	8	0	0	0	0	0	0
2002	6	3	99	4	8	11	14	18	29
2002	6	99	1	10	25	32	42	49	88
2002	6	99	2	12	17	20	28	35	56
2002	6	99	3	7	13	18	22	27	40
2002	6	99	4	3	9	13	17	22	35
2002	6	99	5	2	8	11	14	19	35
2002	6	99	6	0	6	9	12	16	34
2002	6	99	7	0	3	5	8	12	34
2002	6	99	8	0	0	0	0	0	100
2002	6	99	99	6	11	14	16	21	40
2002	99	1	1	0	17	25	32	39	100
2002	99	1	2	0	12	15	23	31	50
2002	99	1	3	0	7	14	20	29	60
2002	99	1	4	0	6	11	16	23	40
2002	99	1	5	0	7	9	11	15	31
2002	99	1	6	1	5	7	9	11	29
2002	99	1	7	0	2	4	6	11	30
2002	99	1	8	0	0	0	0	2	23
2002	99	1	99	3	6	8	10	13	31
2002	99	2	1	4	16	23	30	35	59
2002	99	2	2	4	12	15	19	24	42
2002	99	2	3	0	8	12	13	19	32
2002	99	2	4	1	7	10	11	16	26
2002	99	2	5	2	5	8	9	13	21
2002	99	2	6	0	4	5	7	9	16
2002	99	2	7	0	1	4	7	11	20
2002	99	2	8	0	0	0	0	0	58
2002	99	2	99	3	8	10	12	15	29
2002	99	3	1	0	0	0	0	42	100
2002	99	3	2	8	16	21	28	35	55
2002	99	3	3	5	10	14	17	23	26
2002	99	3	4	0	5	7	10	13	21
2002	99	3	5	0	3	4	6	8	12
2002	99	3	6	0	1	2	3	5	10
2002	99	3	7	0	0	0	2	4	14
2002	99	3	8	0	0	0	0	0	2
2002	99	3	99	3	6	8	10	13	19
2002	99	99	1	8	19	22	28	34	58
2002	99	99	2	9	13	16	21	26	44
2002	99	99	3	6	10	13	15	19	29
2002	99	99	4	1	7	9	11	14	24
2002	99	99	5	2	5	7	9	11	21
2002	99	99	6	1	4	5	7	9	21
2002	99	99	7	1	3	4	6	9	25
2002	99	99	8	0	0	0	0	3	14
2002	99	99	99	4	7	9	11	13	27
2003	1	1	1	0	10	20	31	43	100
2003	1	1	2	0	4	13	22	32	87
2003	1	1	3	0	0	11	14	18	72
2003	1	1	4	0	2	9	12	18	81
2003	1	1	5	0	4	7	10	14	30
2003	1	1	6	0	3	4	7	10	18
2003	1	1	7	0	2	4	5	13	23
2003	1	1	8	0	0	0	0	0	9
2003	1	1	99	3	4	7	8	11	19
2003	1	2	1	0	13	19	25	33	56
2003	1	2	2	1	8	13	15	18	36
2003	1	2	3	0	4	8	10	12	22
2003	1	2	4	1	3	6	8	11	19
2003	1	2	5	1	3	4	6	8	15
2003	1	2	6	0	2	3	5	8	15
2003	1	2	7	0	1	4	6	7	16
2003	1	2	8	0	0	0	0	0	44
2003	1	2	99	2	5	6	9	10	21
2003	1	3	1	0	0	0	0	100	100
2003	1	3	2	0	11	17	21	27	81
2003	1	3	3	2	9	11	13	19	33
2003	1	3	4	0	2	4	7	10	34
2003	1	3	5	0	2	3	4	5	10
2003	1	3	6	0	0	1	2	4	9
2003	1	3	7	0	0	0	3	5	12
2003	1	3	8	0	0	0	0	0	8
2003	1	3	99	2	4	5	7	9	15
2003	1	99	1	0	17	21	27	35	49
2003	1	99	2	4	10	13	17	19	32
2003	1	99	3	4	7	9	11	16	20
2003	1	99	4	2	5	7	8	11	16
2003	1	99	5	1	3	4	6	8	14
2003	1	99	6	0	2	4	5	7	13
2003	1	99	7	0	2	4	5	8	17
2003	1	99	8	0	0	0	0	0	21
2003	1	99	99	2	5	6	8	9	18
2003	6	1	1	0	0	8	41	64	100
2003	6	1	2	0	0	15	25	50	100
2003	6	1	3	0	0	19	34	45	100
2003	6	1	4	0	0	17	34	54	100
2003	6	1	5	0	8	14	22	33	49
2003	6	1	6	0	7	10	15	29	43
2003	6	1	7	0	3	5	9	16	43
2003	6	1	8	0	0	0	0	3	100
2003	6	1	99	2	9	13	18	30	42
2003	6	2	1	9	25	38	43	51	80
2003	6	2	2	3	15	21	24	36	51
2003	6	2	3	2	11	15	21	28	47
2003	6	2	4	4	11	17	22	27	45
2003	6	2	5	5	11	13	18	26	39
2003	6	2	6	2	8	10	14	19	30
2003	6	2	7	0	2	7	11	14	42
2003	6	2	8	0	0	0	0	0	100
2003	6	2	99	6	13	15	20	26	40
2003	6	3	1	0	0	0	34	100	100
2003	6	3	2	9	19	24	30	39	62
2003	6	3	3	5	11	16	20	24	37
2003	6	3	4	0	7	10	13	16	29
2003	6	3	5	1	4	5	8	10	22
2003	6	3	6	0	1	3	5	8	24
2003	6	3	7	0	0	0	0	5	25
2003	6	3	8	0	0	0	0	0	0
2003	6	3	99	5	7	11	14	17	23
2003	6	99	1	7	25	38	41	49	80
2003	6	99	2	7	17	22	27	37	48
2003	6	99	3	5	13	17	21	26	38
2003	6	99	4	4	9	14	19	22	36
2003	6	99	5	5	9	11	14	19	30
2003	6	99	6	2	7	9	13	17	29
2003	6	99	7	0	4	5	8	13	38
2003	6	99	8	0	0	0	0	4	100
2003	6	99	99	5	11	14	16	21	33
2003	99	1	1	0	13	28	35	47	100
2003	99	1	2	0	12	19	24	35	80
2003	99	1	3	0	8	12	17	29	84
2003	99	1	4	0	8	11	20	24	81
2003	99	1	5	1	7	10	15	20	26
2003	99	1	6	2	4	7	10	15	23
2003	99	1	7	1	3	5	7	12	30
2003	99	1	8	0	0	0	0	3	21
2003	99	1	99	4	6	8	11	16	26
2003	99	2	1	8	19	26	32	38	56
2003	99	2	2	1	12	16	19	25	40
2003	99	2	3	1	7	12	14	18	27
2003	99	2	4	3	7	10	12	16	26
2003	99	2	5	3	6	8	9	13	23
2003	99	2	6	1	5	6	8	11	19
2003	99	2	7	0	3	5	7	8	25
2003	99	2	8	0	0	0	0	0	100
2003	99	2	99	3	8	10	12	16	28
2003	99	3	1	0	0	0	24	72	100
2003	99	3	2	6	16	21	26	35	45
2003	99	3	3	4	10	14	17	21	31
2003	99	3	4	0	5	7	10	13	21
2003	99	3	5	1	3	5	6	7	13
2003	99	3	6	0	1	2	3	4	12
2003	99	3	7	0	0	1	3	6	13
2003	99	3	8	0	0	0	0	0	6
2003	99	3	99	4	6	8	10	12	16
2003	99	99	1	9	22	27	31	38	52
2003	99	99	2	5	14	17	19	25	37
2003	99	99	3	4	10	13	15	20	28
2003	99	99	4	4	7	11	12	15	24
2003	99	99	5	3	6	7	9	12	19
2003	99	99	6	2	4	6	7	11	18
2003	99	99	7	1	3	5	6	9	24
2003	99	99	8	0	0	0	0	3	13
2003	99	99	99	4	8	9	11	14	23
2004	1	1	1	0	10	20	27	43	100
2004	1	1	2	0	8	14	23	35	100
2004	1	1	3	0	0	8	13	22	35
2004	1	1	4	0	2	9	14	19	58
2004	1	1	5	0	4	6	8	15	34
2004	1	1	6	0	2	5	7	10	21
2004	1	1	7	0	2	4	7	11	25
2004	1	1	8	0	0	0	0	0	46
2004	1	1	99	0	4	6	8	13	21
2004	1	2	1	0	13	20	26	31	47
2004	1	2	2	3	9	12	15	19	29
2004	1	2	3	1	5	7	9	13	18
2004	1	2	4	1	5	6	8	11	17
2004	1	2	5	0	3	4	6	8	13
2004	1	2	6	0	2	4	5	8	16
2004	1	2	7	0	1	4	6	8	20
2004	1	2	8	0	0	0	0	0	53
2004	1	2	99	1	4	7	8	11	19
2004	1	3	1	0	0	0	0	42	100
2004	1	3	2	0	13	19	26	31	63
2004	1	3	3	0	8	10	14	19	35
2004	1	3	4	0	2	3	6	9	24
2004	1	3	5	0	1	3	3	5	9
2004	1	3	6	0	0	1	2	3	9
2004	1	3	7	0	0	0	2	4	7
2004	1	3	8	0	0	0	0	0	0
2004	1	3	99	2	4	5	6	8	10
2004	1	99	1	0	16	21	26	33	44
2004	1	99	2	3	11	15	17	19	30
2004	1	99	3	2	7	8	11	15	19
2004	1	99	4	1	4	6	8	10	17
2004	1	99	5	0	3	5	6	8	14
2004	1	99	6	1	2	4	6	7	16
2004	1	99	7	0	3	3	6	8	19
2004	1	99	8	0	0	0	0	0	46
2004	1	99	99	2	5	6	8	10	18
2004	6	1	1	0	0	24	41	77	100
2004	6	1	2	0	0	18	36	55	100
2004	6	1	3	0	0	21	28	46	100
2004	6	1	4	0	0	15	27	50	100
2004	6	1	5	0	11	19	25	35	56
2004	6	1	6	0	7	12	18	22	49
2004	6	1	7	0	3	6	10	16	39
2004	6	1	8	0	0	0	0	0	47
2004	6	1	99	0	10	13	18	25	45
2004	6	2	1	0	24	31	40	53	88
2004	6	2	2	8	15	21	25	33	48
2004	6	2	3	6	11	15	21	25	42
2004	6	2	4	4	10	13	21	26	39
2004	6	2	5	4	10	14	17	23	34
2004	6	2	6	3	7	10	13	19	35
2004	6	2	7	0	2	6	8	13	43
2004	6	2	8	0	0	0	0	0	100
2004	6	2	99	7	12	16	19	23	36
2004	6	3	1	0	0	0	32	100	100
2004	6	3	2	0	17	24	31	38	90
2004	6	3	3	1	11	14	20	24	40
2004	6	3	4	0	6	9	11	16	25
2004	6	3	5	0	5	6	8	12	20
2004	6	3	6	0	1	4	5	8	26
2004	6	3	7	0	0	0	3	7	34
2004	6	3	8	0	0	0	0	0	0
2004	6	3	99	1	8	10	14	17	23
2004	6	99	1	7	24	32	41	46	89
2004	6	99	2	10	17	23	28	34	47
2004	6	99	3	7	12	18	21	24	35
2004	6	99	4	4	11	13	17	21	33
2004	6	99	5	3	10	12	15	19	29
2004	6	99	6	3	6	9	12	16	27
2004	6	99	7	0	4	6	9	14	37
2004	6	99	8	0	0	0	0	2	50
2004	6	99	99	6	11	14	16	21	31
2004	99	1	1	0	15	26	32	45	100
2004	99	1	2	0	11	21	26	34	100
2004	99	1	3	0	9	13	19	27	100
2004	99	1	4	0	8	11	18	24	100
2004	99	1	5	0	7	10	14	22	44
2004	99	1	6	0	4	8	10	13	25
2004	99	1	7	0	3	5	7	12	30
2004	99	1	8	0	0	0	0	5	27
2004	99	1	99	0	6	9	11	17	28
2004	99	2	1	6	20	24	30	38	53
2004	99	2	2	7	12	16	20	25	34
2004	99	2	3	4	8	11	13	17	25
2004	99	2	4	3	7	8	12	16	23
2004	99	2	5	2	6	8	11	14	20
2004	99	2	6	2	4	6	8	12	22
2004	99	2	7	0	3	4	6	10	23
2004	99	2	8	0	0	0	0	0	100
2004	99	2	99	4	8	10	12	16	26
2004	99	3	1	0	0	0	32	55	100
2004	99	3	2	7	17	24	28	36	78
2004	99	3	3	3	9	14	18	21	29
2004	99	3	4	0	6	7	9	13	19
2004	99	3	5	1	3	5	6	7	13
2004	99	3	6	0	2	2	3	5	13
2004	99	3	7	0	0	0	3	5	10
2004	99	3	8	0	0	0	0	0	0
2004	99	3	99	3	6	8	9	12	16
2004	99	99	1	5	19	26	31	36	53
2004	99	99	2	7	14	17	21	25	35
2004	99	99	3	5	10	12	14	19	25
2004	99	99	4	5	7	8	11	15	24
2004	99	99	5	2	6	7	9	12	19
2004	99	99	6	2	4	6	8	10	20
2004	99	99	7	1	3	4	6	10	24
2004	99	99	8	0	0	0	0	3	18
2004	99	99	99	4	8	9	11	15	23
2005	1	1	1	0	11	23	29	41	100
2005	1	1	2	0	7	11	17	26	76
2005	1	1	3	0	0	9	16	27	54
2005	1	1	4	0	2	6	12	17	35
2005	1	1	5	0	3	5	9	13	31
2005	1	1	6	0	2	5	7	10	17
2005	1	1	7	0	2	3	5	9	23
2005	1	1	8	0	0	0	0	2	22
2005	1	1	99	1	5	6	8	12	24
2005	1	2	1	1	13	19	22	29	43
2005	1	2	2	2	9	12	16	18	28
2005	1	2	3	1	5	7	9	12	19
2005	1	2	4	1	3	5	6	9	15
2005	1	2	5	2	2	4	5	6	12
2005	1	2	6	0	2	3	4	6	10
2005	1	2	7	0	2	3	6	8	13
2005	1	2	8	0	0	0	0	0	21
2005	1	2	99	3	5	6	7	8	16
2005	1	3	1	0	0	0	0	0	100
2005	1	3	2	0	8	14	18	22	82
2005	1	3	3	0	6	8	12	15	26
2005	1	3	4	0	1	4	6	8	13
2005	1	3	5	0	2	3	4	5	10
2005	1	3	6	0	0	1	2	4	12
2005	1	3	7	0	0	1	2	5	9
2005	1	3	8	0	0	0	0	0	30
2005	1	3	99	2	4	5	6	7	10
2005	1	99	1	3	15	20	23	30	39
2005	1	99	2	4	10	13	15	18	37
2005	1	99	3	2	6	8	10	12	21
2005	1	99	4	1	3	5	7	8	16
2005	1	99	5	2	3	4	5	6	15
2005	1	99	6	1	2	3	4	6	12
2005	1	99	7	0	2	3	5	7	13
2005	1	99	8	0	0	0	0	2	16
2005	1	99	99	2	4	6	7	9	15
2005	6	1	1	0	20	44	63	84	100
2005	6	1	2	0	0	24	31	44	100
2005	6	1	3	0	0	14	26	46	100
2005	6	1	4	0	10	16	22	38	60
2005	6	1	5	2	10	13	19	28	53
2005	6	1	6	3	7	10	14	20	54
2005	6	1	7	0	4	7	10	14	31
2005	6	1	8	0	0	0	0	6	26
2005	6	1	99	4	10	12	15	24	53
2005	6	2	1	18	28	33	39	46	84
2005	6	2	2	9	17	20	25	28	60
2005	6	2	3	2	11	14	16	22	34
2005	6	2	4	3	7	12	17	21	35
2005	6	2	5	5	8	10	14	18	29
2005	6	2	6	0	6	8	11	17	34
2005	6	2	7	0	4	7	10	12	31
2005	6	2	8	0	0	0	0	0	54
2005	6	2	99	9	10	13	16	21	32
2005	6	3	1	0	0	0	0	46	100
2005	6	3	2	0	12	16	20	30	59
2005	6	3	3	4	8	12	16	20	43
2005	6	3	4	1	5	7	9	13	21
2005	6	3	5	0	4	6	8	10	27
2005	6	3	6	0	2	4	6	7	15
2005	6	3	7	0	0	0	3	8	28
2005	6	3	8	0	0	0	0	0	64
2005	6	3	99	4	7	8	11	13	22
2005	6	99	1	18	29	35	40	49	87
2005	6	99	2	9	15	20	24	28	55
2005	6	99	3	8	12	13	17	21	29
2005	6	99	4	4	8	10	14	18	28
2005	6	99	5	6	7	9	12	16	23
2005	6	99	6	3	6	8	10	15	24
2005	6	99	7	1	4	6	9	13	25
2005	6	99	8	0	0	0	0	7	38
2005	6	99	99	8	10	12	14	17	29
2005	99	1	1	0	20	28	37	44	100
2005	99	1	2	0	12	16	20	28	51
2005	99	1	3	0	6	13	20	27	52
2005	99	1	4	0	6	10	15	21	40
2005	99	1	5	1	7	10	13	17	37
2005	99	1	6	1	5	7	9	12	22
2005	99	1	7	1	3	4	6	10	25
2005	99	1	8	0	0	0	0	4	18
2005	99	1	99	4	7	8	10	14	32
2005	99	2	1	15	21	26	29	35	45
2005	99	2	2	8	12	15	18	22	42
2005	99	2	3	2	8	10	12	14	23
2005	99	2	4	2	6	8	10	13	19
2005	99	2	5	3	5	6	8	11	17
2005	99	2	6	1	4	5	7	10	14
2005	99	2	7	0	4	5	6	9	14
2005	99	2	8	0	0	0	0	0	35
2005	99	2	99	5	7	8	10	14	20
2005	99	3	1	0	0	0	0	35	100
2005	99	3	2	4	12	15	21	27	69
2005	99	3	3	4	9	11	13	17	27
2005	99	3	4	1	5	6	8	10	14
2005	99	3	5	0	3	4	5	7	17
2005	99	3	6	1	2	3	3	4	8
2005	99	3	7	0	0	2	3	6	11
2005	99	3	8	0	0	0	0	0	30
2005	99	3	99	3	5	7	9	10	15
2005	99	99	1	15	21	26	30	36	47
2005	99	99	2	8	13	16	19	23	45
2005	99	99	3	6	9	10	13	17	24
2005	99	99	4	4	5	7	10	12	17
2005	99	99	5	3	5	6	8	10	18
2005	99	99	6	2	4	5	6	9	14
2005	99	99	7	1	3	4	6	8	15
2005	99	99	8	0	0	0	1	4	14
2005	99	99	99	5	7	8	10	13	20
2006	1	1	1	0	10	20	30	37	100
2006	1	1	2	0	5	11	13	24	65
2006	1	1	3	0	0	8	11	20	50
2006	1	1	4	0	0	5	10	22	51
2006	1	1	5	0	2	6	10	14	34
2006	1	1	6	0	2	4	7	10	35
2006	1	1	7	1	3	5	6	10	18
2006	1	1	8	0	0	0	0	0	33
2006	1	1	99	1	4	6	8	11	24
2006	1	2	1	7	13	19	23	28	62
2006	1	2	2	0	7	11	13	16	36
2006	1	2	3	0	4	6	8	11	23
2006	1	2	4	0	2	4	6	8	14
2006	1	2	5	0	3	4	5	7	9
2006	1	2	6	0	2	3	4	6	9
2006	1	2	7	0	2	3	5	9	18
2006	1	2	8	0	0	0	0	0	12
2006	1	2	99	2	5	6	7	8	17
2006	1	3	1	0	0	0	0	0	100
2006	1	3	2	0	7	11	16	22	53
2006	1	3	3	0	5	6	9	14	21
2006	1	3	4	0	2	3	4	7	14
2006	1	3	5	0	1	2	3	4	8
2006	1	3	6	0	0	1	2	3	12
2006	1	3	7	0	0	1	4	4	10
2006	1	3	8	0	0	0	0	0	37
2006	1	3	99	1	3	4	5	6	8
2006	1	99	1	6	14	19	23	28	58
2006	1	99	2	1	9	11	12	15	35
2006	1	99	3	1	5	6	9	11	20
2006	1	99	4	0	3	5	6	8	14
2006	1	99	5	0	3	4	5	6	12
2006	1	99	6	1	2	3	4	6	13
2006	1	99	7	1	3	4	5	7	13
2006	1	99	8	0	0	0	0	2	23
2006	1	99	99	2	4	5	6	8	16
2006	6	1	1	0	0	31	50	71	100
2006	6	1	2	0	0	17	25	37	100
2006	6	1	3	0	0	15	26	41	100
2006	6	1	4	0	8	18	29	39	100
2006	6	1	5	0	10	13	19	28	79
2006	6	1	6	2	8	10	13	24	59
2006	6	1	7	0	4	6	10	15	25
2006	6	1	8	0	0	0	0	4	68
2006	6	1	99	3	10	12	16	22	57
2006	6	2	1	9	26	30	39	49	85
2006	6	2	2	6	13	16	21	24	59
2006	6	2	3	3	9	14	19	23	37
2006	6	2	4	3	9	12	15	21	36
2006	6	2	5	4	8	10	14	17	34
2006	6	2	6	2	5	8	11	14	25
2006	6	2	7	0	5	6	10	14	40
2006	6	2	8	0	0	0	0	0	20
2006	6	2	99	7	10	12	16	19	33
2006	6	3	1	0	0	0	24	100	100
2006	6	3	2	5	13	16	20	28	39
2006	6	3	3	3	8	10	13	17	28
2006	6	3	4	1	5	6	9	12	25
2006	6	3	5	0	4	6	7	9	22
2006	6	3	6	0	2	3	4	6	12
2006	6	3	7	0	0	0	2	7	21
2006	6	3	8	0	0	0	0	0	34
2006	6	3	99	3	6	8	9	11	17
2006	6	99	1	18	27	36	40	51	87
2006	6	99	2	8	15	18	20	23	60
2006	6	99	3	5	10	14	16	19	33
2006	6	99	4	4	8	10	13	17	28
2006	6	99	5	4	7	8	12	14	25
2006	6	99	6	4	6	8	10	15	21
2006	6	99	7	1	4	6	8	12	17
2006	6	99	8	0	0	0	0	4	28
2006	6	99	99	7	8	11	13	16	30
2006	99	1	1	0	21	27	36	42	100
2006	99	1	2	0	9	13	17	29	72
2006	99	1	3	0	7	12	16	22	47
2006	99	1	4	0	6	11	18	24	61
2006	99	1	5	0	6	9	13	18	42
2006	99	1	6	1	5	7	9	11	44
2006	99	1	7	1	4	5	7	9	20
2006	99	1	8	0	0	0	0	5	27
2006	99	1	99	3	7	8	10	13	34
2006	99	2	1	8	20	26	29	35	73
2006	99	2	2	4	11	13	16	19	46
2006	99	2	3	2	7	9	12	15	26
2006	99	2	4	3	5	7	9	12	18
2006	99	2	5	3	5	7	8	10	17
2006	99	2	6	2	4	5	7	9	16
2006	99	2	7	0	3	4	7	10	14
2006	99	2	8	0	0	0	0	0	12
2006	99	2	99	4	7	8	10	12	23
2006	99	3	1	0	0	0	0	45	100
2006	99	3	2	4	13	17	18	23	41
2006	99	3	3	4	7	9	12	15	26
2006	99	3	4	0	4	5	7	9	15
2006	99	3	5	0	3	4	5	6	11
2006	99	3	6	0	1	2	3	4	9
2006	99	3	7	0	0	2	3	5	10
2006	99	3	8	0	0	0	0	0	37
2006	99	3	99	3	5	6	7	8	11
2006	99	99	1	9	20	26	29	35	71
2006	99	99	2	8	12	14	16	19	46
2006	99	99	3	4	8	9	13	14	23
2006	99	99	4	3	6	7	9	12	16
2006	99	99	5	3	5	6	7	10	17
2006	99	99	6	2	4	5	6	9	16
2006	99	99	7	2	4	5	6	8	14
2006	99	99	8	0	0	0	0	3	21
2006	99	99	99	4	6	7	9	11	21
2007	1	1	1	0	13	19	27	39	72
2007	1	1	2	0	5	11	17	23	56
2007	1	1	3	0	0	7	13	19	38
2007	1	1	4	0	0	5	9	15	47
2007	1	1	5	0	5	8	10	13	43
2007	1	1	6	0	2	4	6	9	32
2007	1	1	7	0	2	4	6	10	28
2007	1	1	8	0	0	0	0	0	23
2007	1	1	99	3	4	6	8	11	23
2007	1	2	1	8	17	20	25	29	49
2007	1	2	2	0	7	9	13	15	23
2007	1	2	3	1	4	7	8	11	29
2007	1	2	4	0	3	5	6	8	26
2007	1	2	5	1	3	4	5	6	14
2007	1	2	6	0	2	3	5	6	12
2007	1	2	7	0	1	3	4	6	14
2007	1	2	8	0	0	0	0	0	17
2007	1	2	99	3	4	5	7	9	16
2007	1	3	1	0	0	0	0	22	69
2007	1	3	2	0	5	8	13	18	30
2007	1	3	3	0	4	5	9	12	23
2007	1	3	4	0	3	3	4	6	13
2007	1	3	5	0	1	2	3	4	9
2007	1	3	6	0	0	1	2	3	7
2007	1	3	7	0	0	1	2	4	17
2007	1	3	8	0	0	0	0	0	31
2007	1	3	99	0	3	4	4	5	8
2007	1	99	1	7	16	22	24	30	41
2007	1	99	2	1	8	10	12	16	22
2007	1	99	3	1	5	6	8	10	27
2007	1	99	4	1	4	5	6	7	17
2007	1	99	5	1	3	4	5	7	11
2007	1	99	6	0	2	3	4	7	15
2007	1	99	7	0	2	3	5	8	11
2007	1	99	8	0	0	0	0	1	12
2007	1	99	99	3	4	5	6	9	16
2007	6	1	1	0	21	29	46	55	100
2007	6	1	2	0	0	17	27	39	100
2007	6	1	3	0	4	17	30	41	100
2007	6	1	4	0	3	12	22	35	100
2007	6	1	5	2	12	16	22	27	56
2007	6	1	6	0	7	10	13	19	66
2007	6	1	7	0	4	8	11	19	51
2007	6	1	8	0	0	0	0	0	55
2007	6	1	99	4	9	13	16	20	73
2007	6	2	1	6	21	32	37	45	68
2007	6	2	2	4	13	16	21	25	49
2007	6	2	3	0	6	11	15	19	57
2007	6	2	4	0	9	12	13	19	37
2007	6	2	5	4	8	9	12	15	28
2007	6	2	6	1	6	7	10	15	29
2007	6	2	7	0	4	6	8	13	30
2007	6	2	8	0	0	0	0	0	61
2007	6	2	99	3	9	11	13	18	34
2007	6	3	1	0	0	0	36	100	100
2007	6	3	2	0	11	13	17	26	44
2007	6	3	3	0	5	7	8	14	43
2007	6	3	4	0	4	5	8	11	26
2007	6	3	5	0	4	5	6	8	14
2007	6	3	6	0	2	3	4	6	11
2007	6	3	7	0	0	0	2	4	15
2007	6	3	8	0	0	0	0	0	0
2007	6	3	99	2	5	6	7	10	14
2007	6	99	1	3	24	31	36	44	68
2007	6	99	2	5	13	17	20	25	47
2007	6	99	3	2	7	9	12	18	51
2007	6	99	4	2	7	9	12	16	30
2007	6	99	5	3	7	9	11	14	21
2007	6	99	6	3	5	7	9	13	32
2007	6	99	7	2	4	6	8	12	23
2007	6	99	8	0	0	0	0	2	32
2007	6	99	99	3	8	9	11	16	29
2007	99	1	1	0	15	25	33	40	69
2007	99	1	2	0	8	15	20	31	51
2007	99	1	3	0	8	11	16	25	44
2007	99	1	4	0	6	10	13	21	57
2007	99	1	5	1	9	12	14	16	37
2007	99	1	6	2	4	6	8	13	43
2007	99	1	7	1	3	5	7	12	32
2007	99	1	8	0	0	0	0	2	27
2007	99	1	99	4	6	9	10	15	35
2007	99	2	1	12	20	24	29	34	47
2007	99	2	2	4	10	12	14	19	33
2007	99	2	3	2	5	8	11	15	39
2007	99	2	4	0	6	7	9	12	31
2007	99	2	5	2	5	6	8	10	17
2007	99	2	6	2	4	5	7	10	16
2007	99	2	7	0	3	5	6	8	16
2007	99	2	8	0	0	0	0	0	43
2007	99	2	99	3	6	7	9	12	22
2007	99	3	1	0	0	0	17	59	100
2007	99	3	2	0	9	13	17	21	39
2007	99	3	3	2	5	6	8	14	31
2007	99	3	4	1	4	5	6	9	15
2007	99	3	5	0	3	3	4	5	10
2007	99	3	6	0	1	2	3	4	8
2007	99	3	7	0	0	1	3	4	11
2007	99	3	8	0	0	0	0	0	31
2007	99	3	99	2	4	5	6	7	10
2007	99	99	1	12	21	26	29	34	44
2007	99	99	2	5	12	13	15	20	34
2007	99	99	3	2	6	8	10	13	35
2007	99	99	4	3	5	6	8	11	21
2007	99	99	5	2	5	6	7	10	14
2007	99	99	6	2	3	5	6	9	20
2007	99	99	7	1	3	4	6	9	13
2007	99	99	8	0	0	0	0	3	12
2007	99	99	99	3	6	7	8	11	20
2008	1	1	1	0	24	34	44	54	100
2008	1	1	2	0	7	20	28	36	73
2008	1	1	3	0	0	14	24	31	100
2008	1	1	4	0	5	12	18	28	61
2008	1	1	5	0	8	12	16	20	27
2008	1	1	6	1	5	7	12	16	24
2008	1	1	7	0	2	5	9	13	56
2008	1	1	8	0	0	0	0	0	21
2008	1	1	99	2	8	10	15	20	29
2008	1	2	1	13	25	28	35	42	65
2008	1	2	2	3	12	14	18	21	32
2008	1	2	3	2	8	11	13	15	25
2008	1	2	4	3	5	8	11	13	21
2008	1	2	5	2	4	6	7	10	17
2008	1	2	6	1	3	5	7	10	17
2008	1	2	7	0	2	4	5	9	21
2008	1	2	8	0	0	0	0	0	45
2008	1	2	99	4	6	8	10	13	19
2008	1	3	1	0	0	0	0	14	100
2008	1	3	2	0	8	11	15	23	66
2008	1	3	3	1	5	9	11	14	28
2008	1	3	4	0	2	3	5	8	23
2008	1	3	5	0	1	3	4	6	20
2008	1	3	6	0	1	1	3	5	8
2008	1	3	7	0	0	1	2	3	11
2008	1	3	8	0	0	0	0	0	0
2008	1	3	99	2	3	4	6	7	11
2008	1	99	1	15	26	30	36	45	63
2008	1	99	2	4	12	16	19	23	34
2008	1	99	3	4	8	11	14	17	23
2008	1	99	4	3	5	7	10	13	20
2008	1	99	5	2	5	6	8	10	15
2008	1	99	6	1	3	5	7	10	16
2008	1	99	7	0	3	4	5	9	29
2008	1	99	8	0	0	0	0	2	9
2008	1	99	99	4	6	7	10	12	17
2008	6	1	1	0	23	46	59	78	100
2008	6	1	2	0	12	27	40	52	100
2008	6	1	3	0	0	27	42	53	100
2008	6	1	4	0	6	17	28	39	100
2008	6	1	5	0	11	18	29	33	62
2008	6	1	6	0	7	11	16	26	74
2008	6	1	7	2	5	8	12	19	36
2008	6	1	8	0	0	0	0	10	52
2008	6	1	99	5	11	14	22	30	56
2008	6	2	1	12	31	37	47	53	86
2008	6	2	2	10	16	20	23	27	52
2008	6	2	3	4	10	13	17	22	51
2008	6	2	4	1	11	13	17	21	35
2008	6	2	5	5	10	12	15	21	26
2008	6	2	6	2	7	8	12	16	31
2008	6	2	7	0	5	7	11	15	71
2008	6	2	8	0	0	0	0	0	60
2008	6	2	99	7	11	13	16	23	28
2008	6	3	1	0	0	0	0	55	100
2008	6	3	2	0	11	15	21	25	39
2008	6	3	3	2	6	9	12	17	30
2008	6	3	4	0	5	7	10	13	33
2008	6	3	5	0	4	6	8	9	14
2008	6	3	6	0	2	3	4	6	13
2008	6	3	7	0	0	0	3	5	17
2008	6	3	8	0	0	0	0	0	22
2008	6	3	99	3	6	8	9	12	17
2008	6	99	1	14	34	42	46	55	74
2008	6	99	2	12	16	20	23	27	48
2008	6	99	3	4	9	12	18	22	44
2008	6	99	4	2	8	11	15	19	28
2008	6	99	5	4	8	10	15	19	22
2008	6	99	6	2	6	8	11	17	38
2008	6	99	7	2	5	6	9	15	28
2008	6	99	8	0	0	0	2	8	38
2008	6	99	99	6	9	11	15	21	29
2008	99	1	1	0	31	41	46	56	100
2008	99	1	2	0	16	27	32	37	70
2008	99	1	3	0	12	23	27	37	74
2008	99	1	4	0	10	15	21	26	58
2008	99	1	5	0	10	13	20	24	31
2008	99	1	6	2	7	10	14	19	39
2008	99	1	7	1	3	6	9	17	49
2008	99	1	8	0	0	0	1	6	27
2008	99	1	99	3	9	12	16	23	38
2008	99	2	1	14	29	34	40	44	63
2008	99	2	2	7	15	17	20	24	36
2008	99	2	3	4	10	12	14	18	28
2008	99	2	4	3	8	10	13	16	20
2008	99	2	5	4	7	8	11	14	20
2008	99	2	6	1	5	6	9	12	20
2008	99	2	7	1	4	5	7	11	27
2008	99	2	8	0	0	0	0	0	35
2008	99	2	99	5	8	10	13	17	22
2008	99	3	1	0	0	0	0	35	100
2008	99	3	2	0	12	14	18	22	41
2008	99	3	3	3	7	9	12	16	29
2008	99	3	4	0	4	5	8	11	19
2008	99	3	5	0	4	5	6	7	13
2008	99	3	6	0	2	2	4	5	8
2008	99	3	7	0	1	2	3	4	13
2008	99	3	8	0	0	0	0	0	7
2008	99	3	99	3	5	6	7	9	13
2008	99	99	1	21	29	36	41	47	60
2008	99	99	2	9	15	18	20	24	36
2008	99	99	3	4	9	12	14	19	29
2008	99	99	4	3	6	10	12	14	21
2008	99	99	5	3	6	8	10	13	17
2008	99	99	6	2	5	6	8	12	23
2008	99	99	7	1	4	5	7	12	29
2008	99	99	8	0	0	0	2	4	14
2008	99	99	99	5	8	9	12	16	21
2009	1	1	1	0	40	51	64	75	100
2009	1	1	2	0	29	42	48	56	88
2009	1	1	3	0	18	30	38	43	70
2009	1	1	4	0	14	26	33	40	61
2009	1	1	5	3	18	23	27	33	41
2009	1	1	6	2	11	15	21	26	37
2009	1	1	7	1	8	9	16	22	33
2009	1	1	8	0	0	0	0	0	11
2009	1	1	99	7	13	20	26	29	40
2009	1	2	1	13	38	47	54	61	86
2009	1	2	2	8	23	28	31	36	51
2009	1	2	3	4	14	19	24	29	37
2009	1	2	4	3	11	17	20	24	37
2009	1	2	5	3	10	12	16	20	27
2009	1	2	6	2	6	9	13	17	28
2009	1	2	7	0	5	7	10	13	36
2009	1	2	8	0	0	0	0	0	100
2009	1	2	99	8	12	14	18	23	29
2009	1	3	1	0	0	0	0	100	100
2009	1	3	2	0	10	18	30	36	81
2009	1	3	3	6	12	15	19	23	39
2009	1	3	4	0	4	6	9	13	23
2009	1	3	5	0	3	5	7	8	19
2009	1	3	6	0	1	3	5	7	13
2009	1	3	7	0	0	2	5	7	16
2009	1	3	8	0	0	0	0	0	26
2009	1	3	99	3	6	7	9	11	15
2009	1	99	1	17	40	49	56	64	87
2009	1	99	2	12	22	28	32	39	52
2009	1	99	3	10	16	19	23	28	37
2009	1	99	4	2	10	14	18	22	32
2009	1	99	5	4	9	11	14	19	26
2009	1	99	6	3	6	9	12	16	24
2009	1	99	7	1	6	8	12	15	24
2009	1	99	8	0	0	0	0	2	26
2009	1	99	99	8	11	13	17	22	27
2009	6	1	1	0	40	58	73	91	100
2009	6	1	2	0	17	35	54	71	100
2009	6	1	3	0	19	35	52	69	100
2009	6	1	4	0	19	33	45	62	100
2009	6	1	5	0	16	23	31	42	68
2009	6	1	6	3	12	16	24	36	73
2009	6	1	7	1	8	11	16	27	63
2009	6	1	8	0	0	0	0	6	33
2009	6	1	99	7	17	22	27	38	57
2009	6	2	1	9	36	46	55	64	78
2009	6	2	2	18	26	32	36	41	70
2009	6	2	3	6	18	21	25	31	58
2009	6	2	4	4	15	21	24	29	42
2009	6	2	5	8	14	18	23	28	40
2009	6	2	6	5	10	14	17	20	30
2009	6	2	7	0	7	11	13	21	39
2009	6	2	8	0	0	0	0	0	45
2009	6	2	99	11	16	19	23	29	35
2009	6	3	1	0	0	0	26	100	100
2009	6	3	2	6	18	22	28	38	100
2009	6	3	3	2	9	12	14	23	41
2009	6	3	4	3	7	10	12	17	36
2009	6	3	5	2	6	8	10	12	22
2009	6	3	6	0	3	5	6	7	16
2009	6	3	7	0	0	2	4	7	25
2009	6	3	8	0	0	0	0	0	37
2009	6	3	99	4	8	9	12	15	21
2009	6	99	1	22	41	51	57	64	78
2009	6	99	2	18	26	29	34	40	75
2009	6	99	3	6	16	18	23	27	48
2009	6	99	4	6	12	16	20	26	41
2009	6	99	5	7	11	15	19	23	32
2009	6	99	6	5	8	12	15	21	34
2009	6	99	7	1	8	10	14	17	31
2009	6	99	8	0	0	0	0	6	26
2009	6	99	99	9	13	15	21	25	34
2009	99	1	1	0	45	55	65	71	100
2009	99	1	2	7	32	42	49	55	72
2009	99	1	3	0	22	32	40	51	83
2009	99	1	4	0	20	31	37	46	67
2009	99	1	5	2	19	24	29	33	43
2009	99	1	6	6	11	16	22	29	50
2009	99	1	7	2	9	11	16	21	32
2009	99	1	8	0	0	0	0	5	20
2009	99	1	99	9	15	21	26	31	40
2009	99	2	1	17	38	47	53	59	78
2009	99	2	2	13	26	29	33	37	46
2009	99	2	3	9	17	20	26	28	42
2009	99	2	4	7	14	17	22	26	36
2009	99	2	5	6	12	15	19	22	30
2009	99	2	6	4	8	11	14	18	28
2009	99	2	7	3	5	9	11	16	27
2009	99	2	8	0	0	0	0	3	100
2009	99	2	99	10	14	16	21	25	30
2009	99	3	1	0	0	0	25	100	100
2009	99	3	2	5	17	23	30	39	100
2009	99	3	3	4	12	14	18	21	34
2009	99	3	4	2	7	9	11	13	22
2009	99	3	5	2	6	7	9	11	17
2009	99	3	6	1	3	5	6	7	11
2009	99	3	7	0	1	3	5	7	12
2009	99	3	8	0	0	0	0	0	28
2009	99	3	99	4	7	8	11	13	18
2009	99	99	1	19	41	51	56	62	73
2009	99	99	2	14	26	30	33	39	46
2009	99	99	3	11	16	19	23	27	39
2009	99	99	4	7	11	15	19	22	34
2009	99	99	5	6	10	13	17	20	26
2009	99	99	6	5	8	10	14	18	24
2009	99	99	7	4	6	9	12	15	24
2009	99	99	8	0	0	0	2	4	22
2009	99	99	99	9	12	14	19	23	28
2010	1	1	1	0	41	53	69	78	100
2010	1	1	2	0	39	46	54	60	100
2010	1	1	3	0	26	31	45	52	91
2010	1	1	4	0	24	30	36	51	65
2010	1	1	5	0	19	24	32	38	54
2010	1	1	6	9	14	19	24	30	47
2010	1	1	7	1	9	14	19	30	58
2010	1	1	8	0	0	0	0	0	39
2010	1	1	99	6	18	23	28	33	49
2010	1	2	1	7	41	49	57	63	77
2010	1	2	2	13	28	34	40	44	65
2010	1	2	3	6	18	23	27	31	43
2010	1	2	4	6	14	18	22	27	39
2010	1	2	5	5	12	15	16	23	32
2010	1	2	6	5	8	11	14	18	27
2010	1	2	7	0	6	9	13	19	26
2010	1	2	8	0	0	0	0	12	100
2010	1	2	99	8	15	17	21	25	33
2010	1	3	1	0	0	0	55	100	100
2010	1	3	2	0	21	26	31	35	68
2010	1	3	3	3	13	18	21	26	45
2010	1	3	4	0	7	9	10	13	22
2010	1	3	5	0	5	6	9	11	22
2010	1	3	6	0	3	4	6	8	26
2010	1	3	7	0	0	2	6	7	23
2010	1	3	8	0	0	0	0	0	6
2010	1	3	99	2	8	9	10	12	18
2010	1	99	1	15	43	52	58	63	83
2010	1	99	2	20	30	34	39	46	57
2010	1	99	3	10	20	23	27	31	41
2010	1	99	4	8	11	14	20	24	34
2010	1	99	5	7	11	13	15	21	27
2010	1	99	6	6	8	11	14	18	28
2010	1	99	7	3	7	11	15	18	29
2010	1	99	8	0	0	0	0	5	29
2010	1	99	99	8	13	15	19	24	32
2010	6	1	1	0	47	73	87	100	100
2010	6	1	2	0	24	44	54	70	100
2010	6	1	3	0	28	41	49	66	100
2010	6	1	4	0	26	40	51	63	100
2010	6	1	5	0	21	29	42	48	69
2010	6	1	6	0	15	19	27	34	54
2010	6	1	7	4	11	14	19	29	64
2010	6	1	8	0	0	0	0	0	17
2010	6	1	99	8	20	24	33	38	49
2010	6	2	1	22	45	55	66	77	92
2010	6	2	2	18	29	33	39	44	76
2010	6	2	3	11	21	25	31	35	43
2010	6	2	4	9	18	24	27	32	44
2010	6	2	5	9	16	20	24	32	47
2010	6	2	6	0	12	15	20	24	37
2010	6	2	7	0	9	10	15	21	31
2010	6	2	8	0	0	0	0	0	100
2010	6	2	99	13	18	21	26	32	39
2010	6	3	1	0	0	0	100	100	100
2010	6	3	2	11	20	27	36	42	89
2010	6	3	3	3	13	16	20	24	36
2010	6	3	4	0	9	11	15	17	43
2010	6	3	5	1	8	9	12	14	24
2010	6	3	6	0	3	5	7	10	24
2010	6	3	7	0	0	0	4	6	22
2010	6	3	8	0	0	0	0	0	47
2010	6	3	99	6	9	11	14	17	20
2010	6	99	1	14	50	57	69	80	92
2010	6	99	2	21	29	34	38	42	72
2010	6	99	3	14	18	23	27	30	40
2010	6	99	4	6	16	19	21	25	58
2010	6	99	5	6	14	15	21	26	36
2010	6	99	6	4	11	13	18	22	31
2010	6	99	7	3	8	11	15	22	29
2010	6	99	8	0	0	0	0	2	12
2010	6	99	99	9	15	17	23	27	33
2010	99	1	1	0	46	63	72	78	100
2010	99	1	2	0	39	46	53	59	93
2010	99	1	3	15	32	37	48	55	100
2010	99	1	4	0	26	33	41	51	80
2010	99	1	5	6	21	28	34	37	49
2010	99	1	6	5	15	18	26	31	46
2010	99	1	7	5	11	15	18	26	50
2010	99	1	8	0	0	0	0	3	22
2010	99	1	99	7	20	22	30	35	47
2010	99	2	1	28	44	53	60	68	81
2010	99	2	2	21	30	34	40	42	51
2010	99	2	3	15	21	24	28	31	41
2010	99	2	4	8	16	20	24	28	37
2010	99	2	5	9	15	17	20	25	35
2010	99	2	6	7	10	12	16	21	26
2010	99	2	7	0	7	10	14	19	25
2010	99	2	8	0	0	0	0	9	100
2010	99	2	99	11	16	18	24	27	34
2010	99	3	1	0	0	0	100	100	100
2010	99	3	2	14	21	28	34	42	89
2010	99	3	3	3	13	17	20	25	40
2010	99	3	4	5	8	10	13	16	20
2010	99	3	5	2	6	9	10	11	22
2010	99	3	6	0	3	5	7	9	25
2010	99	3	7	0	1	3	5	6	17
2010	99	3	8	0	0	0	0	0	27
2010	99	3	99	6	9	10	12	15	19
2010	99	99	1	30	45	54	62	69	83
2010	99	99	2	22	30	34	40	44	57
2010	99	99	3	15	19	23	27	31	39
2010	99	99	4	10	14	16	21	25	36
2010	99	99	5	6	13	15	18	22	29
2010	99	99	6	5	10	12	15	20	28
2010	99	99	7	4	8	11	14	20	27
2010	99	99	8	0	0	0	2	4	14
2010	99	99	99	8	14	16	21	25	31
2011	1	1	1	0	46	61	74	86	100
2011	1	1	2	0	31	44	54	63	84
2011	1	1	3	0	23	38	48	58	100
2011	1	1	4	0	18	30	38	57	100
2011	1	1	5	0	22	26	33	40	55
2011	1	1	6	5	19	28	31	38	74
2011	1	1	7	3	13	17	23	29	62
2011	1	1	8	0	0	0	0	0	100
2011	1	1	99	6	22	28	32	38	48
2011	1	2	1	24	49	60	68	74	90
2011	1	2	2	17	31	39	44	50	60
2011	1	2	3	13	20	25	28	32	43
2011	1	2	4	9	15	20	25	29	38
2011	1	2	5	7	13	17	19	23	30
2011	1	2	6	4	11	13	16	21	31
2011	1	2	7	1	6	11	14	19	29
2011	1	2	8	0	0	0	0	0	45
2011	1	2	99	9	15	19	22	28	33
2011	1	3	1	0	0	0	0	51	100
2011	1	3	2	0	25	32	42	54	74
2011	1	3	3	0	15	20	23	27	50
2011	1	3	4	0	7	11	14	19	29
2011	1	3	5	2	6	8	9	14	24
2011	1	3	6	0	4	6	8	11	26
2011	1	3	7	0	2	4	6	10	29
2011	1	3	8	0	0	0	0	0	4
2011	1	3	99	5	9	10	12	15	20
2011	1	99	1	28	50	62	67	74	86
2011	1	99	2	19	32	41	45	51	64
2011	1	99	3	12	20	25	29	32	43
2011	1	99	4	8	15	18	21	26	37
2011	1	99	5	6	11	16	17	22	29
2011	1	99	6	5	10	14	17	21	31
2011	1	99	7	3	8	12	15	19	29
2011	1	99	8	0	0	0	0	0	24
2011	1	99	99	8	14	17	21	25	33
2011	6	1	1	0	0	64	82	100	100
2011	6	1	2	0	29	41	58	75	100
2011	6	1	3	0	24	42	56	81	100
2011	6	1	4	0	13	41	49	65	100
2011	6	1	5	0	23	31	42	54	78
2011	6	1	6	9	21	27	36	43	62
2011	6	1	7	2	10	14	18	25	47
2011	6	1	8	0	0	0	0	0	100
2011	6	1	99	11	21	27	33	42	60
2011	6	2	1	30	47	55	68	78	100
2011	6	2	2	17	34	39	46	50	74
2011	6	2	3	15	23	28	33	36	52
2011	6	2	4	10	19	23	32	35	46
2011	6	2	5	11	17	21	26	33	43
2011	6	2	6	7	13	17	21	26	38
2011	6	2	7	0	9	13	17	21	31
2011	6	2	8	0	0	0	0	0	100
2011	6	2	99	13	19	22	27	34	45
2011	6	3	1	0	0	0	0	57	100
2011	6	3	2	17	27	35	40	48	60
2011	6	3	3	7	14	20	25	29	66
2011	6	3	4	0	8	11	15	19	33
2011	6	3	5	3	8	10	12	16	26
2011	6	3	6	0	5	7	9	11	22
2011	6	3	7	0	1	4	7	10	20
2011	6	3	8	0	0	0	0	0	29
2011	6	3	99	7	10	13	16	19	24
2011	6	99	1	26	49	57	69	80	100
2011	6	99	2	25	33	38	43	50	66
2011	6	99	3	15	22	25	29	35	67
2011	6	99	4	9	15	19	25	29	48
2011	6	99	5	8	14	17	22	29	38
2011	6	99	6	6	13	16	19	25	35
2011	6	99	7	3	8	10	15	19	33
2011	6	99	8	0	0	0	0	4	35
2011	6	99	99	11	16	18	24	30	39
2011	99	1	1	0	51	63	76	84	100
2011	99	1	2	7	29	44	55	62	84
2011	99	1	3	0	29	40	48	56	84
2011	99	1	4	0	27	36	45	57	100
2011	99	1	5	14	25	30	34	42	56
2011	99	1	6	12	20	28	32	39	59
2011	99	1	7	6	11	17	21	27	43
2011	99	1	8	0	0	0	0	2	100
2011	99	1	99	11	22	28	32	38	50
2011	99	2	1	30	52	59	63	72	93
2011	99	2	2	21	34	39	44	49	67
2011	99	2	3	13	23	26	29	32	44
2011	99	2	4	13	16	22	27	30	40
2011	99	2	5	9	15	19	22	26	35
2011	99	2	6	7	13	15	18	24	29
2011	99	2	7	1	7	12	15	20	27
2011	99	2	8	0	0	0	0	4	75
2011	99	2	99	12	17	21	24	29	35
2011	99	3	1	0	0	0	0	58	100
2011	99	3	2	18	27	36	40	47	57
2011	99	3	3	9	16	20	25	28	47
2011	99	3	4	0	9	11	15	18	28
2011	99	3	5	3	8	10	11	14	22
2011	99	3	6	1	5	6	8	10	24
2011	99	3	7	0	2	4	7	9	16
2011	99	3	8	0	0	0	0	0	9
2011	99	3	99	7	10	11	14	17	22
2011	99	99	1	36	52	62	67	72	88
2011	99	99	2	21	34	38	46	50	62
2011	99	99	3	14	22	26	28	33	40
2011	99	99	4	10	14	18	24	28	38
2011	99	99	5	8	13	16	20	23	33
2011	99	99	6	7	12	14	18	23	31
2011	99	99	7	5	9	12	16	20	28
2011	99	99	8	0	0	0	1	4	19
2011	99	99	99	10	14	18	24	27	34
