year	sexo	estud_gr	edad_gr	min_t	p20_t	p40_t	p60_t	p80_t	max_t	min_t2	p20_t2	p40_t2	p60_t2	p80_t2	max_t2
1996	1	1	1	0	17	21	28	36	61	0	35	45	54	61	89
1996	1	1	2	18	41	52	61	71	86	60	78	83	88	92	100
1996	1	1	3	14	48	57	66	76	95	57	83	88	90	94	100
1996	1	1	4	37	56	70	75	82	93	68	87	90	93	97	100
1996	1	1	5	37	70	76	83	87	93	71	90	92	94	95	98
1996	1	1	6	58	68	75	80	86	92	77	84	87	90	92	96
1996	1	1	7	31	39	46	51	56	68	35	48	53	57	62	73
1996	1	1	8	0	1	1	2	2	16	0	1	1	2	2	16
1996	1	1	99	31	39	43	46	48	51	41	47	53	55	56	64
1996	1	2	1	5	10	13	16	19	30	11	17	22	26	31	41
1996	1	2	2	30	37	41	47	52	66	47	57	62	65	69	78
1996	1	2	3	54	65	73	77	83	93	80	89	92	93	95	99
1996	1	2	4	62	78	83	87	91	97	89	95	96	98	99	100
1996	1	2	5	79	83	86	89	94	98	89	95	96	98	99	100
1996	1	2	6	68	84	86	88	93	100	80	91	94	96	97	100
1996	1	2	7	34	49	54	61	71	90	43	53	59	68	77	91
1996	1	2	8	0	0	1	4	6	13	0	0	1	4	7	13
1996	1	2	99	48	56	59	63	67	75	65	71	72	75	77	81
1996	1	3	1	0	0	0	0	0	100	0	0	0	0	28	100
1996	1	3	2	0	8	12	16	23	39	2	23	29	36	48	71
1996	1	3	3	16	43	48	60	63	86	49	66	73	77	82	96
1996	1	3	4	41	79	83	87	93	100	80	93	95	98	100	100
1996	1	3	5	82	93	95	97	99	100	93	97	99	100	100	100
1996	1	3	6	89	92	95	98	100	100	90	97	99	100	100	100
1996	1	3	7	39	60	71	79	85	94	39	66	75	80	88	95
1996	1	3	8	0	0	7	12	20	36	0	0	7	12	20	36
1996	1	3	99	53	66	69	72	74	79	69	76	78	80	82	88
1996	1	99	1	5	11	14	17	21	30	11	20	27	30	33	43
1996	1	99	2	25	35	41	46	51	61	50	60	62	65	69	74
1996	1	99	3	49	59	67	73	77	84	80	86	88	90	92	94
1996	1	99	4	59	73	79	84	89	95	87	94	95	96	97	99
1996	1	99	5	72	79	83	88	91	96	91	93	94	96	97	99
1996	1	99	6	68	74	80	84	88	93	82	88	90	92	94	96
1996	1	99	7	34	43	50	53	59	68	38	51	56	59	64	71
1996	1	99	8	0	1	2	2	3	16	0	1	2	2	3	16
1996	1	99	99	44	49	53	56	58	63	53	61	64	65	67	70
1996	6	1	1	0	4	12	20	30	58	0	26	33	43	56	79
1996	6	1	2	0	19	29	35	45	68	0	50	64	70	77	100
1996	6	1	3	0	13	21	28	39	70	17	32	46	54	59	85
1996	6	1	4	7	18	25	29	40	70	18	35	43	49	57	83
1996	6	1	5	14	23	30	33	40	65	22	36	42	47	52	73
1996	6	1	6	11	20	22	28	33	61	19	26	31	34	39	66
1996	6	1	7	4	10	13	15	20	54	4	13	15	17	22	56
1996	6	1	8	0	0	1	1	1	9	0	0	1	1	1	9
1996	6	1	99	7	12	13	15	19	34	10	16	18	21	25	37
1996	6	2	1	1	4	6	8	12	19	6	12	16	21	26	37
1996	6	2	2	14	24	26	30	35	51	36	46	52	56	61	71
1996	6	2	3	23	37	43	46	55	70	47	64	69	73	77	84
1996	6	2	4	24	34	38	42	49	71	37	54	59	62	67	81
1996	6	2	5	21	37	42	45	50	65	35	52	58	62	66	79
1996	6	2	6	20	30	35	41	46	60	32	38	44	50	56	74
1996	6	2	7	7	15	20	26	36	100	7	15	23	31	41	100
1996	6	2	8	0	0	0	2	5	39	0	0	0	2	5	39
1996	6	2	99	20	27	30	33	36	52	39	47	48	52	53	64
1996	6	3	1	0	0	0	0	0	33	0	0	0	0	61	100
1996	6	3	2	0	11	18	23	30	49	16	43	48	53	57	85
1996	6	3	3	27	41	47	55	61	76	56	74	79	84	88	96
1996	6	3	4	43	61	68	76	81	88	75	84	86	89	92	100
1996	6	3	5	57	73	79	82	86	95	73	83	86	90	93	99
1996	6	3	6	34	70	74	84	91	100	37	73	81	86	91	100
1996	6	3	7	0	39	50	57	65	94	0	47	55	59	67	94
1996	6	3	8	0	0	0	2	9	30	0	0	0	2	9	30
1996	6	3	99	42	52	56	60	63	78	60	72	74	76	77	88
1996	6	99	1	1	4	7	10	13	19	7	14	17	22	28	39
1996	6	99	2	14	23	25	28	33	51	37	47	52	55	60	70
1996	6	99	3	25	35	40	45	54	67	56	63	68	71	77	83
1996	6	99	4	27	36	41	46	53	73	43	56	60	64	70	82
1996	6	99	5	25	36	41	46	51	62	41	50	54	59	64	79
1996	6	99	6	16	26	30	35	38	62	25	34	37	41	46	67
1996	6	99	7	6	13	15	18	22	53	8	15	17	19	24	55
1996	6	99	8	0	0	1	1	2	9	0	1	1	1	2	9
1996	6	99	99	16	21	23	27	30	40	24	33	35	37	40	48
1996	99	1	1	0	12	20	24	31	57	4	34	41	50	58	71
1996	99	1	2	14	33	45	52	57	73	36	72	76	79	82	100
1996	99	1	3	7	37	45	49	58	63	48	64	68	74	78	87
1996	99	1	4	25	43	48	55	64	78	50	65	69	73	77	88
1996	99	1	5	35	47	53	57	63	74	53	62	66	70	73	84
1996	99	1	6	35	43	48	53	58	69	50	55	58	60	64	76
1996	99	1	7	19	25	29	32	35	59	23	29	33	36	40	62
1996	99	1	8	0	1	1	1	2	12	0	1	1	1	2	12
1996	99	1	99	19	24	27	30	31	41	27	31	34	36	40	45
1996	99	2	1	3	8	9	12	17	22	9	15	18	24	28	36
1996	99	2	2	24	31	35	39	45	60	44	53	58	60	63	74
1996	99	2	3	43	50	58	63	70	80	67	76	80	83	85	92
1996	99	2	4	47	57	62	65	70	86	70	76	77	81	84	91
1996	99	2	5	57	63	66	69	71	79	68	75	78	80	83	87
1996	99	2	6	54	62	64	67	72	85	64	70	72	75	79	87
1996	99	2	7	27	39	43	48	53	73	33	43	46	52	58	75
1996	99	2	8	0	0	2	3	6	18	0	0	2	4	6	18
1996	99	2	99	34	43	46	49	54	62	54	60	62	63	65	72
1996	99	3	1	0	0	0	0	0	100	0	0	0	0	56	100
1996	99	3	2	4	10	17	20	28	46	18	39	42	47	53	60
1996	99	3	3	27	44	49	55	60	78	54	73	77	80	83	92
1996	99	3	4	50	71	75	80	83	90	80	89	90	92	93	100
1996	99	3	5	77	84	86	89	91	94	88	91	92	95	96	99
1996	99	3	6	56	83	89	91	92	100	58	88	92	93	96	100
1996	99	3	7	36	54	64	69	77	88	40	58	66	72	79	89
1996	99	3	8	0	2	5	8	13	24	0	2	5	8	13	24
1996	99	3	99	53	59	63	65	68	77	67	73	76	78	79	85
1996	99	99	1	3	8	10	13	17	24	10	17	21	26	31	40
1996	99	99	2	23	30	34	38	42	56	46	55	57	60	63	70
1996	99	99	3	39	46	55	59	66	74	69	75	77	80	84	88
1996	99	99	4	45	58	61	65	71	84	69	76	78	80	84	90
1996	99	99	5	49	60	63	66	71	77	68	72	75	77	81	87
1996	99	99	6	43	52	56	60	64	72	55	62	64	67	69	78
1996	99	99	7	21	28	32	36	38	58	25	33	37	40	42	61
1996	99	99	8	0	1	1	2	2	12	0	1	1	2	2	12
1996	99	99	99	30	35	38	41	42	51	38	48	49	51	53	59
1997	1	1	1	0	13	20	29	34	68	8	28	41	48	59	85
1997	1	1	2	22	47	58	63	74	91	61	77	82	89	92	100
1997	1	1	3	27	56	62	70	80	90	37	81	87	90	93	100
1997	1	1	4	48	63	70	80	87	100	75	85	89	93	96	100
1997	1	1	5	58	71	78	82	87	95	78	90	91	94	95	98
1997	1	1	6	57	70	76	83	85	92	74	84	87	90	91	94
1997	1	1	7	33	41	45	54	58	66	38	47	53	58	62	72
1997	1	1	8	0	1	1	1	2	12	0	1	1	1	2	12
1997	1	1	99	35	39	42	46	48	51	37	45	51	53	55	63
1997	1	2	1	6	10	12	15	18	25	11	17	21	24	29	37
1997	1	2	2	29	38	45	50	58	66	41	58	62	65	69	76
1997	1	2	3	51	69	75	78	86	93	82	90	92	95	96	100
1997	1	2	4	68	78	84	87	91	96	92	95	97	98	99	100
1997	1	2	5	76	83	86	90	92	97	92	95	96	97	98	100
1997	1	2	6	75	82	87	89	93	100	85	91	94	96	97	100
1997	1	2	7	38	53	59	63	70	89	43	56	62	70	76	90
1997	1	2	8	0	0	2	5	8	18	0	0	2	5	8	18
1997	1	2	99	48	59	61	63	70	75	67	72	73	75	77	81
1997	1	3	1	0	0	0	0	60	100	0	0	0	10	100	100
1997	1	3	2	0	9	15	21	25	39	0	25	30	38	44	74
1997	1	3	3	8	43	51	57	71	100	51	68	75	79	84	100
1997	1	3	4	52	74	81	87	91	100	75	89	94	98	100	100
1997	1	3	5	88	93	95	96	98	100	90	98	99	100	100	100
1997	1	3	6	75	94	95	97	100	100	80	95	98	100	100	100
1997	1	3	7	16	64	70	79	84	100	16	67	73	82	84	100
1997	1	3	8	0	2	9	16	22	57	0	2	9	16	22	57
1997	1	3	99	55	67	70	72	76	83	68	76	78	81	83	88
1997	1	99	1	6	11	13	17	18	28	12	20	23	27	33	43
1997	1	99	2	28	37	43	49	54	65	44	59	62	65	68	73
1997	1	99	3	51	66	69	74	79	89	82	85	88	91	92	96
1997	1	99	4	62	75	80	84	88	94	88	94	95	96	97	98
1997	1	99	5	72	82	84	87	91	95	91	93	94	96	97	98
1997	1	99	6	68	77	80	87	89	93	80	88	90	92	93	96
1997	1	99	7	35	45	51	55	60	69	39	52	56	60	65	74
1997	1	99	8	0	2	2	2	3	13	0	2	2	2	3	13
1997	1	99	99	44	50	54	56	59	64	55	61	63	65	67	70
1997	6	1	1	0	3	13	19	24	55	0	20	33	43	55	100
1997	6	1	2	0	23	32	43	47	67	8	39	60	67	72	82
1997	6	1	3	4	16	26	32	42	100	10	39	48	56	63	100
1997	6	1	4	3	20	26	35	41	100	5	39	46	54	59	100
1997	6	1	5	13	24	31	35	40	65	16	39	42	48	54	76
1997	6	1	6	11	19	25	30	37	65	15	28	32	37	42	69
1997	6	1	7	5	11	14	17	22	50	7	13	17	19	23	53
1997	6	1	8	0	0	1	1	1	6	0	0	1	1	1	6
1997	6	1	99	8	11	13	16	19	33	11	17	18	21	24	36
1997	6	2	1	2	4	6	9	11	22	6	10	15	20	24	31
1997	6	2	2	8	23	26	32	37	55	28	45	51	55	60	71
1997	6	2	3	26	36	44	49	59	71	54	65	71	74	77	86
1997	6	2	4	27	37	42	48	52	64	40	56	61	64	68	77
1997	6	2	5	12	37	42	47	52	64	34	54	57	61	66	80
1997	6	2	6	0	31	36	41	50	66	28	39	46	52	58	76
1997	6	2	7	3	14	20	27	38	100	3	17	23	31	39	100
1997	6	2	8	0	0	0	1	5	35	0	0	0	2	5	35
1997	6	2	99	18	28	33	35	38	54	33	47	49	52	54	65
1997	6	3	1	0	0	0	49	55	100	0	0	0	52	81	100
1997	6	3	2	5	14	20	23	35	50	25	43	48	55	62	88
1997	6	3	3	24	42	47	52	62	84	65	74	80	84	88	94
1997	6	3	4	44	62	71	75	81	95	73	86	88	91	93	100
1997	6	3	5	61	72	78	82	86	95	75	84	88	91	94	100
1997	6	3	6	41	71	78	82	89	100	49	77	82	87	91	100
1997	6	3	7	0	34	46	56	68	95	0	38	47	56	70	100
1997	6	3	8	0	0	0	0	9	28	0	0	0	0	9	28
1997	6	3	99	47	52	56	60	65	78	66	72	75	77	79	85
1997	6	99	1	3	5	7	9	11	22	9	12	16	23	27	35
1997	6	99	2	9	22	26	31	35	50	31	47	52	56	59	69
1997	6	99	3	29	36	41	48	58	73	53	66	69	73	77	85
1997	6	99	4	29	38	45	50	55	67	44	59	65	67	71	80
1997	6	99	5	25	38	43	48	53	66	40	52	56	60	67	80
1997	6	99	6	13	27	33	37	42	64	23	35	39	44	49	68
1997	6	99	7	6	13	17	19	23	49	7	15	19	21	25	53
1997	6	99	8	0	0	1	1	2	6	0	0	1	1	2	6
1997	6	99	99	14	22	24	28	31	41	21	34	36	38	41	48
1997	99	1	1	0	11	20	23	31	56	9	29	39	46	56	74
1997	99	1	2	20	40	47	54	61	83	47	70	75	78	82	90
1997	99	1	3	20	41	47	51	62	81	41	65	73	75	79	92
1997	99	1	4	27	46	51	60	66	100	53	66	70	72	79	100
1997	99	1	5	35	47	54	58	66	76	45	64	67	71	75	86
1997	99	1	6	36	45	49	55	58	72	45	55	57	61	64	78
1997	99	1	7	20	24	31	33	37	52	23	31	33	37	41	58
1997	99	1	8	0	1	1	1	1	9	0	1	1	1	1	9
1997	99	1	99	20	24	26	30	32	39	25	31	34	35	38	43
1997	99	2	1	4	7	9	11	14	23	10	14	17	22	27	34
1997	99	2	2	22	32	36	42	46	60	35	54	57	60	64	73
1997	99	2	3	40	53	60	64	72	82	69	79	82	84	87	92
1997	99	2	4	49	58	63	67	72	80	67	77	79	82	84	90
1997	99	2	5	54	63	66	69	73	79	68	76	78	80	83	89
1997	99	2	6	57	61	65	68	72	80	61	70	73	77	79	86
1997	99	2	7	28	40	44	48	55	69	34	44	48	52	58	70
1997	99	2	8	0	0	2	4	7	18	0	0	2	4	7	18
1997	99	2	99	37	44	47	49	55	65	53	60	62	64	66	73
1997	99	3	1	0	0	0	19	57	100	0	0	7	53	87	100
1997	99	3	2	3	15	19	22	29	43	25	36	43	48	54	79
1997	99	3	3	24	44	49	55	64	83	66	73	78	83	85	92
1997	99	3	4	56	69	75	79	83	96	81	87	91	93	94	100
1997	99	3	5	80	84	85	89	90	96	86	91	93	95	96	100
1997	99	3	6	72	85	88	91	93	99	76	89	91	93	96	100
1997	99	3	7	16	59	63	67	72	94	16	60	65	69	75	94
1997	99	3	8	0	3	7	10	14	38	0	3	7	10	14	38
1997	99	3	99	52	60	63	65	70	77	70	74	77	79	80	85
1997	99	99	1	5	8	11	13	15	24	11	17	19	25	30	39
1997	99	99	2	23	31	36	40	43	56	40	54	56	61	63	69
1997	99	99	3	41	52	56	61	67	82	72	77	79	81	84	91
1997	99	99	4	46	58	63	67	72	81	69	76	80	82	85	90
1997	99	99	5	49	60	64	67	73	79	66	73	76	78	81	89
1997	99	99	6	46	53	57	62	64	76	56	62	65	68	71	79
1997	99	99	7	21	28	34	37	41	52	24	34	38	41	43	58
1997	99	99	8	0	1	1	2	2	9	0	1	1	2	2	9
1997	99	99	99	31	36	39	42	44	52	38	48	49	51	53	59
1998	1	1	1	0	13	18	30	40	81	0	24	41	48	61	81
1998	1	1	2	32	47	59	70	82	100	62	79	83	89	94	100
1998	1	1	3	25	58	68	74	80	94	43	84	87	90	94	100
1998	1	1	4	43	64	70	77	82	96	66	84	88	91	95	100
1998	1	1	5	63	73	78	85	89	96	81	90	91	93	95	98
1998	1	1	6	58	70	77	83	87	93	72	83	86	89	92	97
1998	1	1	7	31	42	47	53	57	72	37	47	53	58	61	76
1998	1	1	8	0	1	1	2	2	10	0	1	1	2	2	10
1998	1	1	99	33	40	43	45	48	51	37	45	50	52	54	62
1998	1	2	1	2	11	13	16	24	35	7	18	20	26	32	44
1998	1	2	2	33	39	46	50	58	73	46	56	62	66	69	75
1998	1	2	3	54	70	77	83	87	96	82	89	92	93	96	99
1998	1	2	4	70	80	85	89	94	96	90	95	97	98	98	99
1998	1	2	5	76	85	88	92	94	96	92	95	96	97	98	100
1998	1	2	6	73	82	86	91	93	95	79	91	93	95	97	100
1998	1	2	7	31	54	60	64	69	87	41	61	64	70	74	92
1998	1	2	8	0	0	2	4	7	32	0	0	2	4	7	32
1998	1	2	99	50	60	64	67	72	76	68	72	74	76	78	83
1998	1	3	1	0	0	0	0	0	0	0	0	0	0	100	100
1998	1	3	2	0	11	15	18	26	57	10	22	31	44	51	69
1998	1	3	3	32	43	52	61	66	84	56	69	72	80	88	97
1998	1	3	4	54	78	84	90	94	100	82	94	97	98	100	100
1998	1	3	5	75	91	94	95	98	100	89	95	98	100	100	100
1998	1	3	6	72	90	93	95	99	100	75	94	97	99	100	100
1998	1	3	7	7	68	75	81	85	100	7	72	77	82	88	100
1998	1	3	8	0	3	9	14	21	55	0	3	9	14	21	55
1998	1	3	99	57	68	70	73	77	85	68	77	79	82	83	92
1998	1	99	1	4	12	14	18	26	36	9	18	25	31	36	46
1998	1	99	2	34	38	44	49	57	70	46	58	62	64	68	74
1998	1	99	3	54	67	71	75	82	88	80	85	88	90	92	97
1998	1	99	4	66	77	81	85	91	96	88	94	95	96	97	99
1998	1	99	5	72	83	85	89	92	95	90	94	95	96	97	99
1998	1	99	6	66	77	81	86	90	94	78	87	89	92	94	96
1998	1	99	7	32	46	52	57	60	72	36	53	57	61	64	75
1998	1	99	8	1	1	2	2	3	12	1	1	2	2	3	12
1998	1	99	99	47	50	55	58	60	65	55	62	64	66	68	70
1998	6	1	1	0	2	8	14	21	60	0	19	28	35	46	93
1998	6	1	2	0	17	27	37	48	75	13	44	59	67	74	100
1998	6	1	3	0	17	27	37	50	100	0	44	52	63	73	100
1998	6	1	4	0	20	27	35	42	73	0	36	44	50	56	76
1998	6	1	5	14	24	30	37	42	71	31	39	43	47	53	76
1998	6	1	6	14	19	24	29	34	56	17	26	32	35	41	63
1998	6	1	7	5	11	14	16	24	47	7	14	16	19	25	50
1998	6	1	8	0	0	1	1	1	3	0	0	1	1	1	3
1998	6	1	99	8	11	13	15	18	30	12	16	18	20	23	32
1998	6	2	1	1	5	6	9	11	23	2	10	14	19	23	34
1998	6	2	2	9	23	28	32	37	55	28	45	49	55	58	71
1998	6	2	3	31	37	44	52	63	70	56	64	68	74	81	89
1998	6	2	4	14	37	43	49	55	71	31	56	59	67	72	79
1998	6	2	5	24	39	43	48	54	61	39	54	57	63	67	72
1998	6	2	6	15	31	38	43	49	66	28	41	48	53	57	70
1998	6	2	7	0	15	20	28	33	60	0	19	23	30	35	60
1998	6	2	8	0	0	0	2	3	22	0	0	0	2	3	22
1998	6	2	99	19	30	34	38	42	55	32	46	49	52	54	65
1998	6	3	1	0	0	0	0	30	100	0	0	0	30	46	100
1998	6	3	2	9	17	21	27	37	52	32	47	50	57	63	85
1998	6	3	3	24	43	49	59	65	75	70	76	80	83	86	98
1998	6	3	4	44	64	69	74	79	94	78	83	87	91	95	100
1998	6	3	5	63	72	76	82	88	96	68	83	86	90	93	99
1998	6	3	6	53	75	79	83	89	100	56	77	83	87	92	100
1998	6	3	7	0	41	50	62	67	100	0	46	52	63	72	100
1998	6	3	8	0	0	0	1	13	34	0	0	0	1	13	34
1998	6	3	99	47	53	57	61	66	74	67	73	75	77	80	85
1998	6	99	1	1	5	7	10	12	24	2	11	16	21	25	35
1998	6	99	2	11	22	27	33	36	49	31	46	50	55	58	71
1998	6	99	3	30	37	45	49	61	68	51	66	70	74	79	87
1998	6	99	4	22	38	46	53	58	73	36	60	63	70	74	82
1998	6	99	5	25	40	43	50	55	65	42	53	56	63	67	76
1998	6	99	6	20	26	33	38	41	59	27	35	40	44	49	65
1998	6	99	7	6	13	16	19	25	47	9	16	19	22	26	51
1998	6	99	8	0	1	1	1	1	3	0	1	1	1	1	3
1998	6	99	99	15	23	25	29	32	40	22	35	36	38	42	47
1998	99	1	1	0	11	15	22	37	53	5	26	35	44	54	72
1998	99	1	2	23	38	49	55	67	85	50	65	75	79	84	100
1998	99	1	3	30	43	50	56	67	82	33	69	72	75	82	93
1998	99	1	4	18	45	51	58	62	82	45	65	68	72	76	88
1998	99	1	5	37	50	54	60	63	78	53	64	67	70	73	85
1998	99	1	6	34	45	51	54	58	69	43	54	58	60	64	75
1998	99	1	7	18	25	31	33	39	50	23	31	34	36	42	55
1998	99	1	8	0	1	1	1	2	6	0	1	1	1	2	6
1998	99	1	99	21	24	26	29	32	36	26	30	33	34	37	43
1998	99	2	1	2	8	10	13	17	26	4	14	18	23	28	38
1998	99	2	2	21	32	37	42	50	59	38	51	58	60	63	70
1998	99	2	3	42	54	62	68	75	83	72	77	80	84	87	93
1998	99	2	4	48	60	65	70	73	83	68	77	79	83	85	89
1998	99	2	5	54	65	66	70	75	78	71	76	78	81	83	86
1998	99	2	6	52	63	65	69	71	84	59	70	72	75	79	87
1998	99	2	7	25	40	44	49	53	74	31	44	49	54	57	74
1998	99	2	8	0	1	2	3	5	17	0	1	2	3	6	17
1998	99	2	99	36	46	50	53	58	66	51	62	63	64	67	73
1998	99	3	1	0	0	0	0	24	100	0	0	0	24	48	100
1998	99	3	2	9	16	20	24	34	50	29	41	44	50	58	76
1998	99	3	3	36	46	49	56	65	78	67	74	77	82	86	95
1998	99	3	4	54	71	76	79	83	95	85	89	91	93	96	100
1998	99	3	5	74	83	85	88	91	96	84	90	92	94	96	99
1998	99	3	6	73	84	88	90	93	97	75	89	92	93	95	98
1998	99	3	7	16	61	67	72	76	100	16	64	71	74	76	100
1998	99	3	8	0	3	8	10	14	36	0	3	8	10	14	36
1998	99	3	99	52	61	64	66	71	77	70	75	77	78	82	86
1998	99	99	1	3	9	10	14	20	28	5	16	20	26	31	40
1998	99	99	2	22	32	35	41	47	56	41	53	57	59	62	69
1998	99	99	3	43	52	58	62	72	78	66	76	79	83	85	90
1998	99	99	4	47	60	65	69	73	82	66	77	80	83	85	91
1998	99	99	5	49	61	66	69	73	79	70	73	76	79	82	86
1998	99	99	6	43	55	58	62	64	74	56	63	65	68	71	79
1998	99	99	7	19	29	35	37	41	51	24	35	38	40	44	56
1998	99	99	8	0	1	1	2	2	6	0	1	1	2	2	6
1998	99	99	99	31	37	40	43	45	53	38	48	49	52	53	59
1999	1	1	1	0	14	19	27	33	55	3	20	30	42	48	67
1999	1	1	2	27	55	61	71	80	100	51	78	83	87	93	100
1999	1	1	3	38	63	70	75	83	100	51	83	87	91	95	100
1999	1	1	4	37	69	75	81	88	100	67	85	89	92	96	100
1999	1	1	5	62	73	81	83	90	96	81	89	90	93	94	99
1999	1	1	6	57	71	78	84	88	94	73	83	87	91	92	97
1999	1	1	7	32	44	48	54	56	75	36	47	54	58	60	76
1999	1	1	8	0	1	1	2	3	7	0	1	1	2	3	7
1999	1	1	99	33	39	42	45	48	52	37	44	48	51	53	61
1999	1	2	1	7	12	15	19	26	39	11	20	23	28	35	49
1999	1	2	2	36	46	49	55	60	68	51	58	61	66	69	79
1999	1	2	3	57	73	79	83	88	96	83	90	93	94	95	100
1999	1	2	4	73	85	88	90	94	96	90	96	97	98	99	100
1999	1	2	5	81	86	90	92	95	99	92	96	96	97	98	100
1999	1	2	6	72	84	88	91	93	99	81	90	92	95	97	100
1999	1	2	7	34	51	58	63	72	80	37	53	64	70	75	82
1999	1	2	8	0	0	3	5	7	23	0	0	3	5	7	23
1999	1	2	99	54	63	67	70	74	80	65	73	76	78	79	83
1999	1	3	1	0	0	0	0	0	100	0	0	0	0	63	100
1999	1	3	2	0	16	20	27	38	72	14	32	36	44	55	76
1999	1	3	3	18	47	54	59	70	83	43	66	76	80	84	95
1999	1	3	4	59	79	85	90	94	100	74	92	96	97	99	100
1999	1	3	5	84	92	96	97	98	100	88	97	98	99	100	100
1999	1	3	6	81	90	93	97	100	100	86	93	96	99	100	100
1999	1	3	7	47	66	73	80	84	100	47	69	77	83	87	100
1999	1	3	8	0	7	12	18	27	61	0	7	12	19	27	61
1999	1	3	99	56	67	72	76	78	84	67	77	80	82	84	86
1999	1	99	1	7	14	16	21	27	40	10	21	26	30	36	50
1999	1	99	2	37	43	49	54	58	69	54	58	62	67	69	79
1999	1	99	3	55	67	72	78	84	90	80	85	88	91	92	95
1999	1	99	4	68	82	85	88	92	96	89	94	95	96	97	99
1999	1	99	5	77	83	88	90	93	98	91	94	95	96	97	98
1999	1	99	6	69	78	82	87	90	96	79	86	89	93	94	97
1999	1	99	7	38	46	51	56	59	73	40	51	58	60	64	75
1999	1	99	8	1	2	2	3	3	13	1	2	2	3	3	13
1999	1	99	99	45	52	56	60	62	67	53	61	64	66	68	72
1999	6	1	1	0	2	9	15	21	62	0	11	20	33	44	67
1999	6	1	2	0	25	32	42	55	100	0	48	58	69	76	100
1999	6	1	3	0	19	31	40	46	79	9	41	50	56	62	83
1999	6	1	4	0	19	26	37	45	65	0	33	45	51	55	72
1999	6	1	5	16	25	32	38	43	59	30	40	44	48	54	63
1999	6	1	6	12	21	25	30	35	59	16	26	31	37	41	66
1999	6	1	7	0	11	13	16	20	44	0	13	15	18	23	48
1999	6	1	8	0	0	1	1	2	2	0	0	1	1	2	2
1999	6	1	99	9	11	13	15	19	27	11	15	17	19	23	30
1999	6	2	1	1	6	8	11	14	27	6	12	17	20	25	40
1999	6	2	2	16	25	31	35	43	59	30	44	50	55	59	69
1999	6	2	3	30	42	47	55	64	80	51	67	70	74	79	88
1999	6	2	4	26	39	45	51	60	72	42	56	62	68	74	78
1999	6	2	5	28	39	45	49	55	71	43	53	58	61	67	78
1999	6	2	6	17	33	39	45	53	68	24	46	49	55	60	81
1999	6	2	7	0	17	21	27	32	60	0	20	24	31	35	62
1999	6	2	8	0	0	0	2	6	22	0	0	0	2	7	37
1999	6	2	99	23	30	36	39	45	57	38	47	50	53	56	66
1999	6	3	1	0	0	0	0	38	100	0	0	0	27	58	100
1999	6	3	2	10	19	25	31	39	63	35	47	53	56	60	79
1999	6	3	3	31	48	55	60	68	80	68	77	80	83	86	91
1999	6	3	4	55	62	73	77	81	97	74	84	88	91	93	100
1999	6	3	5	59	75	77	82	84	96	71	84	87	89	91	99
1999	6	3	6	65	72	77	84	88	100	65	79	85	87	89	100
1999	6	3	7	0	42	52	57	65	96	0	42	54	59	65	96
1999	6	3	8	0	0	0	1	9	20	0	0	0	1	9	20
1999	6	3	99	52	55	59	63	66	77	65	72	74	77	79	83
1999	6	99	1	3	6	9	12	15	27	7	12	18	22	27	42
1999	6	99	2	17	26	30	34	41	55	36	46	52	56	59	66
1999	6	99	3	31	42	48	54	64	73	55	67	71	74	79	85
1999	6	99	4	27	38	48	56	61	70	40	60	64	69	76	83
1999	6	99	5	30	39	45	52	57	65	47	53	59	63	67	74
1999	6	99	6	17	28	34	39	44	63	22	35	40	47	50	71
1999	6	99	7	5	13	15	19	25	45	5	15	18	21	27	48
1999	6	99	8	0	1	1	1	2	3	0	1	1	1	2	3
1999	6	99	99	17	23	27	30	34	43	24	34	37	39	42	50
1999	99	1	1	0	11	16	21	26	49	2	17	27	37	44	67
1999	99	1	2	22	42	51	61	67	85	33	65	74	78	84	100
1999	99	1	3	29	43	52	60	69	87	42	62	69	75	78	91
1999	99	1	4	21	45	56	62	66	80	47	64	69	73	77	86
1999	99	1	5	41	50	57	60	66	76	58	64	67	71	73	78
1999	99	1	6	34	47	51	55	59	70	41	55	58	61	65	77
1999	99	1	7	19	25	30	33	37	46	20	31	33	36	40	51
1999	99	1	8	0	1	1	1	2	4	0	1	1	1	2	4
1999	99	1	99	22	24	26	29	31	37	24	28	31	35	36	41
1999	99	2	1	5	9	12	14	20	32	10	17	20	23	30	45
1999	99	2	2	29	36	41	46	52	64	42	53	57	60	63	72
1999	99	2	3	46	59	65	71	77	89	71	79	82	84	88	92
1999	99	2	4	49	64	68	71	76	85	71	77	80	83	86	89
1999	99	2	5	58	64	69	71	75	83	72	77	79	80	83	88
1999	99	2	6	54	63	66	71	73	83	62	69	74	77	80	90
1999	99	2	7	25	38	43	50	54	63	32	42	48	54	57	70
1999	99	2	8	0	1	3	4	6	17	0	1	3	4	6	28
1999	99	2	99	39	48	53	55	60	68	53	62	64	66	68	75
1999	99	3	1	0	0	0	0	27	100	0	0	0	21	41	100
1999	99	3	2	8	19	25	31	38	59	31	44	48	51	56	78
1999	99	3	3	29	49	54	59	68	78	59	75	78	82	84	89
1999	99	3	4	65	74	77	81	86	94	80	89	92	93	94	100
1999	99	3	5	75	83	86	89	91	96	82	90	92	94	95	99
1999	99	3	6	73	84	86	90	93	98	77	88	91	93	95	99
1999	99	3	7	32	59	65	70	73	91	32	62	67	71	76	91
1999	99	3	8	0	5	8	13	18	41	0	5	8	13	18	41
1999	99	3	99	55	62	65	68	71	78	68	75	77	79	82	84
1999	99	99	1	6	10	13	15	21	33	9	18	22	26	31	46
1999	99	99	2	28	36	40	45	51	61	45	52	58	61	64	70
1999	99	99	3	42	56	60	67	75	81	69	77	79	82	85	89
1999	99	99	4	48	61	68	71	77	84	69	78	80	82	86	90
1999	99	99	5	54	63	68	70	74	82	70	75	77	80	82	86
1999	99	99	6	45	55	60	64	66	75	52	62	66	69	72	81
1999	99	99	7	25	30	35	37	40	48	28	34	38	40	43	52
1999	99	99	8	0	1	1	2	2	6	0	1	2	2	2	6
1999	99	99	99	31	38	40	45	48	55	38	48	50	52	54	61
2000	1	1	1	0	11	16	25	33	46	0	20	26	34	42	64
2000	1	1	2	29	56	64	71	81	100	35	75	80	90	94	100
2000	1	1	3	31	61	70	77	82	97	31	80	86	91	96	100
2000	1	1	4	47	67	76	81	87	100	71	84	89	91	95	100
2000	1	1	5	60	76	81	85	89	98	80	88	91	93	95	99
2000	1	1	6	66	73	79	84	87	97	74	83	87	89	92	98
2000	1	1	7	32	42	50	55	59	70	32	50	55	60	64	71
2000	1	1	8	0	1	1	2	2	7	0	1	1	2	2	7
2000	1	1	99	33	38	41	44	47	54	36	44	47	49	52	63
2000	1	2	1	3	14	19	23	30	43	11	20	26	32	37	52
2000	1	2	2	34	45	51	56	61	73	46	56	62	65	69	81
2000	1	2	3	63	75	79	87	91	96	80	89	91	94	96	99
2000	1	2	4	78	85	89	93	95	99	91	95	97	98	99	100
2000	1	2	5	76	86	90	93	95	99	92	94	96	97	98	100
2000	1	2	6	72	81	87	89	92	98	82	89	91	94	96	100
2000	1	2	7	33	55	60	67	72	89	40	60	65	72	77	92
2000	1	2	8	0	0	1	3	7	30	0	0	1	3	7	30
2000	1	2	99	54	63	67	72	75	80	66	73	76	78	79	84
2000	1	3	1	0	0	15	47	57	100	0	0	37	56	100	100
2000	1	3	2	7	36	42	46	60	81	21	50	55	62	71	90
2000	1	3	3	38	64	68	73	78	90	58	79	84	87	91	98
2000	1	3	4	75	85	89	92	94	100	91	94	96	98	99	100
2000	1	3	5	87	94	95	97	98	100	95	98	98	99	100	100
2000	1	3	6	77	91	94	97	98	100	81	93	96	98	100	100
2000	1	3	7	40	62	66	71	80	100	45	63	67	74	83	100
2000	1	3	8	0	5	12	14	21	54	0	5	12	14	21	54
2000	1	3	99	68	73	76	78	81	87	75	81	83	85	87	90
2000	1	99	1	5	17	19	22	29	42	10	23	26	32	38	53
2000	1	99	2	41	46	52	56	61	72	52	59	64	67	70	78
2000	1	99	3	62	71	76	81	85	91	77	86	89	90	92	96
2000	1	99	4	72	82	87	91	93	96	87	94	95	96	98	99
2000	1	99	5	76	84	89	92	94	98	91	94	95	96	97	99
2000	1	99	6	74	80	84	88	91	97	81	87	90	92	93	98
2000	1	99	7	40	48	53	58	62	75	46	54	58	63	66	80
2000	1	99	8	0	2	2	3	3	8	0	2	2	3	4	8
2000	1	99	99	50	54	57	62	63	69	55	62	64	67	69	75
2000	6	1	1	0	0	5	10	16	32	0	4	13	26	34	70
2000	6	1	2	0	15	32	41	53	100	0	34	55	68	79	100
2000	6	1	3	0	22	30	40	52	100	22	34	46	54	64	100
2000	6	1	4	0	20	26	36	50	80	0	35	46	54	63	100
2000	6	1	5	16	28	33	40	45	60	32	41	47	50	55	65
2000	6	1	6	7	19	30	33	38	60	7	28	35	41	44	69
2000	6	1	7	0	11	14	17	21	47	0	14	16	18	23	49
2000	6	1	8	0	0	1	1	1	7	0	0	1	1	1	7
2000	6	1	99	6	12	13	15	17	28	12	16	17	20	22	30
2000	6	2	1	1	6	8	11	18	25	6	12	16	19	28	37
2000	6	2	2	15	26	32	36	44	63	30	42	47	52	57	69
2000	6	2	3	25	42	49	56	61	78	37	64	67	71	78	89
2000	6	2	4	25	42	47	53	57	69	48	59	64	66	70	82
2000	6	2	5	27	39	45	50	57	71	45	55	57	64	68	78
2000	6	2	6	17	36	41	47	49	65	27	45	49	54	60	75
2000	6	2	7	6	16	23	29	33	52	6	18	26	31	34	53
2000	6	2	8	0	0	0	1	4	31	0	0	0	1	4	31
2000	6	2	99	24	32	36	40	43	53	39	46	48	51	53	61
2000	6	3	1	0	0	15	33	64	100	0	22	45	78	100	100
2000	6	3	2	15	28	35	40	49	64	41	55	61	65	72	86
2000	6	3	3	31	51	56	65	77	87	67	79	85	88	90	93
2000	6	3	4	54	66	70	75	82	96	67	82	85	88	91	100
2000	6	3	5	62	70	77	80	84	89	69	83	86	88	91	95
2000	6	3	6	63	72	76	81	87	95	68	76	81	85	90	99
2000	6	3	7	19	41	48	56	65	100	19	41	50	57	69	100
2000	6	3	8	0	0	0	0	6	19	0	0	0	0	6	19
2000	6	3	99	51	57	61	66	69	76	68	74	77	79	81	88
2000	6	99	1	2	6	8	10	17	26	6	12	16	20	29	41
2000	6	99	2	18	30	33	38	42	57	36	48	52	56	59	67
2000	6	99	3	31	45	50	57	67	80	51	68	72	77	81	89
2000	6	99	4	31	42	52	59	62	71	51	62	69	71	74	81
2000	6	99	5	31	43	50	56	59	67	48	56	62	65	69	75
2000	6	99	6	21	30	38	43	47	63	24	38	45	50	53	71
2000	6	99	7	8	14	18	20	25	46	8	18	20	22	26	49
2000	6	99	8	0	0	1	1	1	7	0	0	1	1	1	7
2000	6	99	99	18	25	28	33	36	45	24	35	38	42	44	51
2000	99	1	1	0	9	13	19	24	38	0	15	23	33	36	57
2000	99	1	2	28	43	51	58	65	89	37	63	72	79	83	100
2000	99	1	3	11	45	50	61	66	91	30	64	70	73	79	93
2000	99	1	4	38	47	55	61	68	83	52	66	68	74	78	93
2000	99	1	5	41	51	59	63	67	75	58	65	69	71	76	81
2000	99	1	6	26	48	53	57	63	71	31	56	59	63	67	77
2000	99	1	7	8	27	32	35	37	51	8	31	35	38	40	56
2000	99	1	8	0	0	1	1	2	7	0	1	1	1	2	7
2000	99	1	99	17	24	26	28	30	38	25	27	31	33	36	43
2000	99	2	1	6	11	13	16	25	35	9	17	21	27	32	45
2000	99	2	2	28	39	42	46	53	69	42	51	55	58	63	76
2000	99	2	3	49	62	67	72	77	85	68	78	80	84	86	92
2000	99	2	4	50	64	69	73	76	85	70	77	80	82	85	92
2000	99	2	5	55	64	68	72	75	83	68	76	78	80	82	87
2000	99	2	6	48	61	65	69	73	77	61	69	73	76	78	82
2000	99	2	7	25	41	44	48	53	71	31	46	48	50	57	75
2000	99	2	8	0	0	1	3	6	18	0	0	2	4	6	18
2000	99	2	99	40	48	53	57	60	65	53	61	63	65	67	71
2000	99	3	1	0	0	20	30	61	100	0	21	39	57	78	100
2000	99	3	2	12	32	37	44	51	63	39	53	60	64	69	75
2000	99	3	3	40	56	62	68	77	88	72	78	84	87	90	95
2000	99	3	4	70	76	80	82	87	93	82	89	91	92	94	100
2000	99	3	5	79	84	86	88	90	93	84	90	92	94	94	97
2000	99	3	6	80	85	88	90	92	98	82	88	90	92	94	99
2000	99	3	7	40	54	62	65	71	91	48	56	63	69	73	91
2000	99	3	8	0	4	8	12	14	34	0	4	8	12	14	34
2000	99	3	99	61	65	69	72	75	80	74	77	80	81	83	88
2000	99	99	1	5	12	14	16	23	34	8	17	21	26	33	47
2000	99	99	2	31	40	42	47	52	64	46	55	58	61	65	73
2000	99	99	3	50	58	63	69	75	83	70	77	81	85	86	90
2000	99	99	4	54	64	69	74	77	84	73	79	81	83	87	90
2000	99	99	5	56	64	69	74	77	82	71	76	79	81	83	86
2000	99	99	6	49	56	62	65	69	76	59	64	67	70	73	80
2000	99	99	7	25	31	36	39	43	50	26	36	40	42	45	55
2000	99	99	8	0	1	1	2	2	7	0	1	1	2	2	7
2000	99	99	99	34	39	43	46	49	57	40	49	51	53	55	62
2001	1	1	1	0	10	20	27	40	64	0	18	27	37	49	67
2001	1	1	2	28	60	66	74	84	100	37	76	84	88	96	100
2001	1	1	3	39	66	74	81	84	100	51	79	85	89	94	100
2001	1	1	4	34	64	70	79	85	100	62	75	82	90	93	100
2001	1	1	5	28	75	79	85	89	97	28	83	86	91	92	97
2001	1	1	6	59	74	81	83	87	95	67	82	85	87	90	96
2001	1	1	7	33	45	50	56	63	70	33	50	55	59	64	70
2001	1	1	8	0	1	1	2	2	6	0	1	1	2	2	6
2001	1	1	99	21	38	41	44	47	53	22	41	44	48	51	59
2001	1	2	1	9	16	18	24	29	50	9	19	25	30	37	56
2001	1	2	2	37	46	51	57	61	79	44	54	60	64	68	87
2001	1	2	3	58	77	82	85	89	96	63	85	89	92	94	97
2001	1	2	4	70	85	88	91	94	98	83	94	95	97	98	100
2001	1	2	5	79	87	90	91	95	97	85	92	94	96	97	99
2001	1	2	6	74	83	87	89	91	97	82	86	91	92	94	97
2001	1	2	7	35	54	59	64	69	81	38	55	62	69	72	83
2001	1	2	8	0	0	2	4	9	29	0	0	2	4	9	29
2001	1	2	99	56	65	68	73	76	80	60	72	74	77	79	85
2001	1	3	1	0	14	41	65	100	100	0	29	51	79	100	100
2001	1	3	2	15	36	48	51	58	75	32	49	57	61	68	88
2001	1	3	3	41	63	71	76	81	92	50	73	81	86	88	100
2001	1	3	4	75	84	90	95	96	100	84	93	95	98	99	100
2001	1	3	5	86	93	95	96	98	100	92	97	98	99	100	100
2001	1	3	6	85	91	94	97	99	100	87	93	96	98	100	100
2001	1	3	7	22	61	71	75	79	96	22	62	73	77	82	96
2001	1	3	8	0	5	9	12	16	61	0	5	9	12	16	61
2001	1	3	99	69	73	77	80	83	86	75	79	82	84	86	89
2001	1	99	1	9	16	20	25	32	47	11	21	27	32	39	54
2001	1	99	2	38	49	51	58	61	75	46	58	62	65	69	84
2001	1	99	3	61	71	77	82	86	93	67	82	87	89	92	98
2001	1	99	4	75	81	87	91	92	97	84	92	94	95	97	99
2001	1	99	5	79	84	89	91	93	97	83	91	93	95	96	98
2001	1	99	6	76	80	84	87	90	96	79	86	89	91	92	97
2001	1	99	7	42	51	56	61	64	75	49	55	58	63	66	77
2001	1	99	8	0	1	2	3	3	10	0	1	2	3	3	10
2001	1	99	99	51	55	58	62	64	72	54	59	63	65	69	77
2001	6	1	1	0	0	6	10	17	100	0	5	13	20	31	100
2001	6	1	2	0	18	38	47	57	87	0	38	58	65	72	92
2001	6	1	3	0	11	34	39	54	100	0	35	48	54	73	100
2001	6	1	4	0	22	31	40	49	86	0	33	44	53	62	86
2001	6	1	5	8	30	33	41	45	62	14	38	43	47	55	70
2001	6	1	6	7	24	30	33	39	65	7	29	34	39	43	69
2001	6	1	7	2	11	15	18	21	48	2	13	17	19	22	49
2001	6	1	8	0	0	1	1	1	5	0	0	1	1	1	5
2001	6	1	99	5	11	13	15	19	28	6	14	16	18	21	30
2001	6	2	1	1	5	10	12	15	34	2	10	13	18	22	43
2001	6	2	2	11	25	30	36	44	60	14	34	41	47	54	72
2001	6	2	3	35	45	52	57	64	73	48	61	63	68	74	85
2001	6	2	4	29	41	49	54	60	78	47	51	59	62	70	85
2001	6	2	5	32	40	47	52	58	71	35	50	55	59	65	76
2001	6	2	6	29	40	42	46	51	63	30	44	48	54	56	71
2001	6	2	7	0	19	26	30	38	58	0	24	29	32	42	58
2001	6	2	8	0	0	0	1	3	12	0	0	0	1	3	12
2001	6	2	99	27	33	39	42	44	53	30	42	46	49	51	61
2001	6	3	1	0	0	19	44	68	100	0	0	41	72	100	100
2001	6	3	2	8	28	32	43	51	70	8	50	54	60	66	79
2001	6	3	3	46	57	63	70	73	90	61	74	79	82	86	95
2001	6	3	4	57	66	72	76	80	93	63	77	81	83	86	94
2001	6	3	5	64	71	73	80	82	95	69	77	82	85	87	98
2001	6	3	6	65	74	76	81	84	100	68	77	80	83	87	100
2001	6	3	7	15	43	53	59	68	100	15	43	54	60	68	100
2001	6	3	8	0	0	0	0	6	32	0	0	0	0	6	32
2001	6	3	99	52	59	63	67	70	84	63	69	74	76	78	85
2001	6	99	1	1	7	10	13	15	34	2	11	15	19	22	43
2001	6	99	2	13	27	32	38	46	60	16	41	47	52	58	73
2001	6	99	3	41	48	55	59	68	78	48	63	68	73	77	87
2001	6	99	4	36	45	53	59	64	74	44	58	62	68	72	84
2001	6	99	5	33	45	50	57	61	73	43	51	59	65	68	77
2001	6	99	6	21	34	39	44	51	66	26	38	43	49	53	71
2001	6	99	7	11	16	20	22	26	48	11	18	20	23	27	50
2001	6	99	8	0	1	1	1	1	5	0	1	1	1	1	5
2001	6	99	99	21	26	30	34	37	48	25	33	36	39	42	53
2001	99	1	1	0	8	16	20	27	63	0	14	22	29	39	63
2001	99	1	2	16	48	56	61	70	100	16	64	70	76	82	100
2001	99	1	3	7	48	57	62	73	96	10	61	68	74	85	100
2001	99	1	4	27	47	53	58	69	85	39	61	66	69	76	90
2001	99	1	5	23	51	59	63	67	79	26	61	64	69	73	84
2001	99	1	6	29	48	54	57	61	70	33	55	58	60	64	77
2001	99	1	7	11	29	32	35	38	55	11	32	34	38	41	57
2001	99	1	8	0	1	1	1	2	6	0	1	1	1	2	6
2001	99	1	99	14	23	26	28	30	38	15	26	30	32	34	42
2001	99	2	1	6	11	14	17	22	42	7	15	19	23	29	49
2001	99	2	2	28	38	41	47	52	70	34	46	51	57	59	79
2001	99	2	3	54	61	67	74	78	85	61	74	77	82	86	90
2001	99	2	4	52	66	69	73	77	85	66	74	77	80	83	92
2001	99	2	5	57	64	70	73	75	85	60	73	76	78	81	88
2001	99	2	6	56	63	66	69	73	80	60	67	70	74	77	84
2001	99	2	7	32	40	44	50	55	63	35	42	48	52	56	66
2001	99	2	8	0	0	2	3	6	19	0	0	2	3	6	19
2001	99	2	99	42	51	55	58	61	65	45	58	62	63	65	72
2001	99	3	1	0	7	33	52	79	100	0	19	51	72	90	100
2001	99	3	2	17	33	39	47	53	70	27	50	56	60	66	78
2001	99	3	3	50	60	68	72	76	88	63	74	80	83	88	94
2001	99	3	4	69	75	80	84	87	93	79	84	87	90	91	97
2001	99	3	5	77	82	84	88	89	98	82	87	89	91	93	99
2001	99	3	6	80	85	87	89	92	100	82	88	90	91	93	100
2001	99	3	7	19	57	63	68	74	97	19	59	66	69	74	97
2001	99	3	8	0	4	6	9	12	32	0	4	6	9	12	32
2001	99	3	99	60	67	70	73	76	85	71	75	78	80	81	87
2001	99	99	1	7	12	14	18	23	40	10	16	21	25	31	48
2001	99	99	2	30	39	43	47	54	67	38	50	55	58	63	76
2001	99	99	3	52	60	67	72	77	82	57	73	77	81	85	90
2001	99	99	4	56	65	71	75	79	83	64	75	78	82	85	89
2001	99	99	5	57	66	70	75	77	85	62	72	76	79	82	88
2001	99	99	6	50	58	63	65	69	75	55	64	66	69	72	81
2001	99	99	7	26	34	37	41	45	55	32	37	39	43	46	57
2001	99	99	8	0	1	1	2	2	6	0	1	1	2	2	6
2001	99	99	99	36	41	43	46	50	60	39	46	49	52	55	64
2002	1	1	1	0	14	22	27	36	100	0	22	33	38	49	100
2002	1	1	2	0	55	63	70	81	100	0	74	84	88	92	100
2002	1	1	3	23	61	72	79	87	100	46	76	82	89	93	100
2002	1	1	4	20	65	72	79	86	100	20	77	85	90	94	100
2002	1	1	5	42	73	78	82	87	95	50	82	88	90	93	100
2002	1	1	6	62	73	80	84	87	96	68	80	86	88	91	96
2002	1	1	7	37	46	52	57	62	76	38	52	55	59	63	77
2002	1	1	8	0	1	1	1	2	15	0	1	1	1	2	17
2002	1	1	99	17	36	39	43	47	53	18	39	44	48	53	58
2002	1	2	1	6	14	18	22	28	44	9	20	25	29	35	54
2002	1	2	2	32	46	50	59	63	75	35	56	60	66	72	82
2002	1	2	3	63	76	81	86	88	94	77	86	90	92	94	98
2002	1	2	4	76	83	88	90	93	100	84	93	95	96	97	100
2002	1	2	5	80	87	90	93	94	97	84	94	95	96	98	99
2002	1	2	6	78	82	87	90	92	97	79	88	90	92	95	98
2002	1	2	7	39	54	60	66	68	82	39	57	63	68	73	83
2002	1	2	8	0	0	3	5	9	21	0	0	3	5	9	21
2002	1	2	99	57	66	69	73	75	80	62	73	76	78	80	85
2002	1	3	1	0	8	45	63	93	100	0	38	58	80	100	100
2002	1	3	2	24	38	46	54	59	78	37	52	59	64	70	86
2002	1	3	3	45	68	73	76	85	90	54	82	84	86	90	97
2002	1	3	4	71	85	91	93	96	100	83	94	96	98	99	100
2002	1	3	5	83	92	94	96	98	100	91	97	98	99	100	100
2002	1	3	6	82	91	92	96	98	100	85	92	94	98	99	100
2002	1	3	7	38	60	68	75	80	100	38	63	70	77	81	100
2002	1	3	8	0	5	7	11	19	67	0	5	7	11	19	67
2002	1	3	99	67	74	77	80	83	86	76	79	82	85	87	90
2002	1	99	1	6	16	21	24	30	42	9	20	26	32	39	50
2002	1	99	2	39	50	53	58	62	73	44	60	62	67	71	82
2002	1	99	3	65	73	77	81	85	90	74	84	87	90	92	95
2002	1	99	4	75	84	86	89	92	98	82	92	94	95	97	100
2002	1	99	5	80	86	88	91	93	95	82	92	94	95	96	99
2002	1	99	6	72	80	84	88	91	97	78	86	89	91	93	97
2002	1	99	7	40	52	56	60	65	73	45	57	58	63	66	75
2002	1	99	8	1	1	2	2	3	16	1	1	2	2	4	17
2002	1	99	99	50	55	59	63	64	70	53	61	64	67	69	76
2002	6	1	1	0	0	5	10	19	36	0	3	13	17	27	51
2002	6	1	2	0	19	31	43	62	100	0	39	53	64	79	100
2002	6	1	3	0	17	23	38	52	100	0	30	45	55	71	100
2002	6	1	4	6	25	33	44	53	72	11	35	46	56	64	76
2002	6	1	5	14	29	36	42	50	58	16	41	44	49	55	67
2002	6	1	6	13	23	28	35	42	61	14	31	35	39	46	64
2002	6	1	7	0	11	15	18	23	40	0	13	16	21	24	41
2002	6	1	8	0	0	0	1	1	3	0	0	0	1	1	3
2002	6	1	99	5	11	13	15	18	26	6	14	15	19	21	29
2002	6	2	1	1	5	7	11	14	28	2	8	12	17	23	37
2002	6	2	2	15	26	33	38	45	61	26	38	46	51	56	70
2002	6	2	3	27	46	52	57	66	83	43	60	67	72	76	85
2002	6	2	4	27	41	50	57	61	71	39	55	61	67	73	88
2002	6	2	5	31	42	48	53	59	70	43	53	60	64	67	77
2002	6	2	6	27	38	44	49	55	68	33	45	51	55	61	74
2002	6	2	7	11	20	24	29	35	54	11	22	27	32	36	54
2002	6	2	8	0	0	0	1	5	15	0	0	0	1	5	15
2002	6	2	99	28	34	40	42	45	55	33	45	49	51	54	62
2002	6	3	1	0	0	20	42	74	100	0	20	48	61	81	100
2002	6	3	2	16	33	39	46	53	68	38	50	56	65	73	79
2002	6	3	3	41	57	62	70	75	86	54	75	82	85	87	95
2002	6	3	4	55	67	74	77	81	89	70	79	82	86	88	95
2002	6	3	5	63	72	75	78	83	98	70	79	82	85	88	98
2002	6	3	6	56	74	78	82	87	100	64	79	83	85	91	100
2002	6	3	7	18	42	57	63	72	100	18	45	58	65	73	100
2002	6	3	8	0	0	0	2	8	100	0	0	0	2	8	100
2002	6	3	99	53	60	65	68	72	79	65	72	74	77	81	84
2002	6	99	1	1	6	9	11	14	27	3	10	13	17	23	36
2002	6	99	2	21	29	34	40	45	59	30	41	51	54	59	71
2002	6	99	3	27	49	54	60	69	78	40	66	71	75	79	90
2002	6	99	4	32	48	56	61	67	72	49	61	67	71	76	84
2002	6	99	5	34	45	53	57	63	72	43	56	60	67	69	78
2002	6	99	6	27	37	41	46	50	62	32	41	46	51	56	66
2002	6	99	7	6	16	19	23	28	42	7	19	20	25	29	44
2002	6	99	8	0	0	1	1	1	4	0	0	1	1	1	4
2002	6	99	99	20	27	30	35	38	48	24	34	38	41	44	53
2002	99	1	1	0	9	17	22	27	48	0	14	25	30	39	59
2002	99	1	2	0	48	54	60	70	93	0	63	70	78	83	100
2002	99	1	3	14	43	53	60	68	86	14	63	66	73	80	91
2002	99	1	4	11	52	57	61	68	84	14	63	69	71	77	89
2002	99	1	5	33	53	59	61	68	76	34	64	66	68	74	83
2002	99	1	6	29	49	54	57	60	72	32	55	58	61	65	75
2002	99	1	7	12	28	32	36	41	53	12	32	34	38	42	54
2002	99	1	8	0	1	1	1	2	4	0	1	1	1	2	4
2002	99	1	99	12	23	26	28	30	39	13	27	29	31	34	43
2002	99	2	1	6	11	13	16	20	35	9	14	19	22	28	46
2002	99	2	2	28	38	43	47	54	67	32	49	53	57	63	75
2002	99	2	3	49	62	69	74	78	86	60	76	80	83	85	92
2002	99	2	4	56	64	70	74	77	85	68	75	79	81	85	94
2002	99	2	5	58	67	69	74	76	83	70	74	77	81	82	88
2002	99	2	6	57	62	66	70	74	81	60	69	71	75	79	83
2002	99	2	7	31	39	45	49	53	63	32	43	46	52	56	64
2002	99	2	8	0	1	2	4	7	14	0	1	2	5	7	14
2002	99	2	99	43	50	55	58	60	67	49	61	62	65	66	73
2002	99	3	1	0	15	35	52	75	100	0	32	51	71	83	100
2002	99	3	2	19	36	41	49	53	69	39	52	58	64	71	80
2002	99	3	3	54	63	67	73	76	86	59	79	82	85	88	94
2002	99	3	4	63	77	81	84	85	93	79	87	89	91	92	95
2002	99	3	5	78	82	85	86	89	98	82	88	90	91	93	99
2002	99	3	6	77	85	87	90	92	100	81	88	90	92	94	100
2002	99	3	7	30	59	64	70	73	92	30	60	66	72	75	92
2002	99	3	8	0	4	6	8	12	56	0	4	6	8	12	56
2002	99	3	99	62	68	71	73	76	81	70	77	78	80	83	87
2002	99	99	1	6	12	15	17	22	34	9	16	20	25	30	42
2002	99	99	2	34	40	45	49	54	65	40	53	57	61	64	76
2002	99	99	3	48	60	66	71	77	82	58	76	79	82	85	91
2002	99	99	4	59	66	71	75	79	85	67	78	80	83	86	91
2002	99	99	5	57	67	70	74	78	83	63	75	78	81	83	88
2002	99	99	6	50	59	64	67	70	76	57	66	68	71	73	79
2002	99	99	7	26	33	38	41	45	55	32	37	40	44	48	56
2002	99	99	8	0	1	1	2	2	7	0	1	1	2	2	7
2002	99	99	99	35	41	44	48	52	59	39	48	51	53	56	64
2003	1	1	1	0	8	20	26	32	55	0	17	31	38	49	65
2003	1	1	2	0	48	63	72	82	100	0	69	79	89	94	100
2003	1	1	3	0	62	71	78	86	100	0	74	85	90	96	100
2003	1	1	4	0	65	74	81	86	100	0	77	87	92	98	100
2003	1	1	5	51	72	78	81	86	97	57	81	86	90	92	97
2003	1	1	6	66	71	78	83	86	98	70	80	83	88	90	100
2003	1	1	7	39	49	52	57	65	73	43	52	56	62	66	77
2003	1	1	8	0	1	1	2	2	12	0	1	1	2	2	12
2003	1	1	99	18	34	38	42	46	53	20	36	42	46	52	60
2003	1	2	1	7	13	18	24	28	48	10	18	24	30	35	59
2003	1	2	2	38	51	55	58	64	75	48	60	65	67	72	83
2003	1	2	3	66	74	82	85	90	94	72	88	90	92	95	99
2003	1	2	4	70	83	89	91	93	97	86	93	96	97	98	100
2003	1	2	5	78	87	89	92	94	98	85	94	95	96	97	99
2003	1	2	6	74	81	86	90	93	97	77	89	91	95	96	99
2003	1	2	7	42	53	60	65	69	89	47	58	63	68	71	89
2003	1	2	8	0	1	2	3	7	25	0	1	2	3	7	25
2003	1	2	99	56	65	69	73	76	82	63	73	76	79	80	87
2003	1	3	1	0	0	0	54	100	100	0	16	61	100	100	100
2003	1	3	2	5	39	48	55	63	78	25	53	60	66	71	84
2003	1	3	3	47	69	73	77	82	89	66	80	85	88	90	96
2003	1	3	4	64	85	89	93	96	100	89	95	96	98	99	100
2003	1	3	5	86	92	94	96	97	100	92	97	98	99	99	100
2003	1	3	6	83	90	92	95	97	100	86	92	94	97	98	100
2003	1	3	7	35	60	68	74	81	94	35	63	68	77	81	94
2003	1	3	8	0	4	8	14	17	35	0	4	8	14	17	35
2003	1	3	99	67	75	77	81	83	87	76	81	83	85	87	90
2003	1	99	1	7	14	19	24	29	41	13	19	27	31	38	56
2003	1	99	2	44	51	55	59	65	74	54	63	65	68	72	82
2003	1	99	3	65	73	78	81	85	88	79	85	88	90	91	96
2003	1	99	4	72	84	87	89	92	96	83	93	95	96	97	100
2003	1	99	5	80	86	89	91	93	97	84	93	95	95	97	98
2003	1	99	6	73	79	84	88	91	96	78	85	89	92	94	98
2003	1	99	7	42	52	55	62	66	74	49	56	60	64	69	77
2003	1	99	8	0	1	2	2	3	10	0	1	2	3	3	10
2003	1	99	99	50	57	59	63	65	70	54	62	65	67	70	77
2003	6	1	1	0	0	6	9	18	31	0	0	11	17	30	44
2003	6	1	2	0	24	34	48	62	100	0	37	56	78	100	100
2003	6	1	3	0	26	35	50	65	100	9	44	55	63	76	100
2003	6	1	4	0	16	30	40	49	100	0	32	48	55	61	100
2003	6	1	5	7	28	34	42	47	61	11	41	44	50	53	65
2003	6	1	6	9	24	31	36	41	62	9	32	37	42	49	69
2003	6	1	7	0	12	17	20	24	46	0	14	19	22	25	48
2003	6	1	8	0	0	0	1	1	2	0	0	0	1	1	2
2003	6	1	99	6	11	12	14	18	27	8	14	15	18	22	32
2003	6	2	1	2	6	8	10	13	31	5	9	12	18	22	41
2003	6	2	2	20	28	35	41	46	56	28	43	46	52	58	68
2003	6	2	3	28	47	56	59	69	90	35	63	70	75	80	92
2003	6	2	4	30	42	49	55	63	77	43	58	63	67	72	90
2003	6	2	5	24	43	50	55	60	74	30	55	59	64	69	81
2003	6	2	6	31	39	43	51	55	64	39	47	52	57	62	70
2003	6	2	7	5	20	25	30	34	44	5	23	27	33	39	70
2003	6	2	8	0	0	0	1	4	17	0	0	0	2	6	17
2003	6	2	99	27	34	39	44	46	56	32	46	50	53	54	65
2003	6	3	1	0	0	0	56	100	100	0	27	64	100	100	100
2003	6	3	2	10	34	41	47	52	68	21	53	58	65	71	85
2003	6	3	3	47	60	65	71	77	89	63	76	81	86	89	95
2003	6	3	4	41	70	75	78	83	92	49	81	85	89	90	94
2003	6	3	5	67	74	77	80	83	98	72	81	84	86	90	99
2003	6	3	6	61	73	79	82	86	98	64	78	81	87	89	100
2003	6	3	7	18	46	56	62	71	91	18	51	56	65	71	93
2003	6	3	8	0	0	0	2	10	44	0	0	0	2	10	44
2003	6	3	99	55	63	66	70	73	78	65	75	77	78	82	85
2003	6	99	1	1	6	8	10	14	25	4	9	13	18	24	38
2003	6	99	2	20	30	36	43	46	56	28	47	51	56	60	69
2003	6	99	3	44	50	58	62	70	82	51	67	73	77	83	94
2003	6	99	4	40	50	56	62	68	79	48	65	68	73	77	88
2003	6	99	5	36	46	54	60	64	76	40	58	62	69	72	81
2003	6	99	6	27	36	43	48	54	61	28	44	48	54	59	68
2003	6	99	7	11	16	21	25	29	47	12	19	23	27	30	48
2003	6	99	8	0	0	1	1	1	3	0	0	1	1	1	3
2003	6	99	99	20	29	32	36	39	49	27	36	39	42	46	57
2003	99	1	1	0	8	14	19	23	44	0	14	22	31	40	57
2003	99	1	2	0	42	53	62	68	100	0	57	73	80	85	100
2003	99	1	3	14	47	57	66	70	96	16	64	73	76	83	96
2003	99	1	4	3	51	55	61	67	82	17	63	71	73	79	90
2003	99	1	5	25	51	58	61	65	81	30	64	67	69	73	81
2003	99	1	6	27	48	52	59	62	75	28	56	59	63	67	79
2003	99	1	7	15	28	35	38	43	51	18	33	38	40	44	53
2003	99	1	8	0	1	1	1	1	4	0	1	1	1	1	4
2003	99	1	99	12	22	25	27	29	39	13	24	28	30	35	45
2003	99	2	1	5	9	13	17	22	40	8	14	20	22	29	51
2003	99	2	2	33	42	45	50	54	64	44	53	56	59	63	73
2003	99	2	3	49	64	69	74	78	91	63	78	81	83	88	93
2003	99	2	4	55	65	71	75	78	85	66	78	81	83	85	95
2003	99	2	5	57	66	70	74	76	87	60	75	78	81	83	90
2003	99	2	6	56	62	66	69	75	81	61	69	72	76	78	84
2003	99	2	7	27	40	43	50	53	70	29	43	46	51	56	73
2003	99	2	8	0	1	2	3	5	14	0	1	2	3	5	18
2003	99	2	99	42	51	57	59	62	67	52	62	63	66	68	74
2003	99	3	1	0	0	25	52	73	100	0	33	52	73	100	100
2003	99	3	2	22	36	45	50	54	70	38	55	60	63	69	79
2003	99	3	3	54	62	68	72	79	89	71	79	83	86	89	96
2003	99	3	4	60	78	81	84	88	95	70	88	90	92	94	97
2003	99	3	5	80	84	86	87	89	99	85	89	91	92	93	100
2003	99	3	6	76	84	87	89	91	96	81	87	89	92	93	97
2003	99	3	7	31	61	65	67	72	88	31	62	66	70	75	88
2003	99	3	8	0	4	7	11	13	29	0	4	7	11	13	31
2003	99	3	99	65	69	72	75	77	82	72	78	80	82	83	87
2003	99	99	1	7	10	14	17	21	34	10	15	21	24	31	48
2003	99	99	2	36	43	46	50	55	65	44	56	59	62	65	74
2003	99	99	3	58	62	67	72	78	84	67	78	80	84	87	94
2003	99	99	4	58	68	71	77	80	87	70	80	82	85	87	94
2003	99	99	5	60	66	73	75	78	87	63	76	79	82	84	90
2003	99	99	6	50	59	64	69	72	78	55	66	70	73	76	81
2003	99	99	7	28	34	39	43	46	52	33	38	43	45	49	55
2003	99	99	8	1	1	1	2	2	5	1	1	1	2	2	5
2003	99	99	99	35	42	45	49	52	60	40	49	52	54	58	67
2004	1	1	1	0	13	18	28	42	70	0	15	28	40	53	76
2004	1	1	2	0	42	57	65	77	100	0	60	78	87	93	100
2004	1	1	3	0	61	72	78	88	100	0	78	85	90	97	100
2004	1	1	4	0	67	74	81	89	100	0	79	88	93	100	100
2004	1	1	5	42	71	77	83	89	100	51	81	86	91	94	100
2004	1	1	6	50	73	77	81	86	100	60	80	83	87	91	100
2004	1	1	7	36	49	52	57	62	71	45	53	57	61	67	75
2004	1	1	8	0	0	1	1	2	6	0	0	1	1	2	6
2004	1	1	99	17	32	37	41	44	66	20	36	40	45	50	69
2004	1	2	1	11	14	17	22	28	40	13	20	22	29	36	50
2004	1	2	2	34	49	54	62	65	75	37	60	64	69	74	84
2004	1	2	3	66	77	81	86	89	95	72	88	91	93	95	99
2004	1	2	4	76	84	87	91	93	99	89	94	95	97	98	100
2004	1	2	5	81	85	89	91	94	98	89	93	95	96	97	99
2004	1	2	6	71	81	88	90	93	98	73	88	93	94	96	99
2004	1	2	7	43	56	61	64	69	83	45	59	65	68	72	83
2004	1	2	8	0	0	1	3	5	20	0	0	1	3	5	20
2004	1	2	99	57	66	68	74	76	81	63	73	77	79	81	85
2004	1	3	1	0	0	51	100	100	100	0	38	92	100	100	100
2004	1	3	2	21	41	46	53	60	73	37	54	63	68	73	94
2004	1	3	3	53	69	72	80	84	94	68	80	86	89	91	100
2004	1	3	4	69	86	90	93	96	100	89	94	96	98	99	100
2004	1	3	5	85	93	95	96	98	100	92	96	98	99	100	100
2004	1	3	6	81	89	93	95	96	100	84	92	95	96	98	100
2004	1	3	7	46	63	68	75	79	100	46	64	70	76	80	100
2004	1	3	8	0	3	9	13	17	46	0	3	9	13	17	46
2004	1	3	99	71	77	80	81	83	87	77	82	84	86	88	90
2004	1	99	1	11	15	18	23	30	43	14	20	24	32	40	50
2004	1	99	2	42	50	54	59	65	74	47	61	66	69	74	83
2004	1	99	3	65	74	78	83	85	92	78	86	89	91	92	97
2004	1	99	4	77	84	87	91	92	97	87	93	95	96	97	100
2004	1	99	5	78	85	89	91	93	98	82	92	95	96	97	98
2004	1	99	6	71	80	85	88	90	95	77	86	89	92	93	97
2004	1	99	7	46	54	57	62	67	73	50	57	61	64	70	76
2004	1	99	8	0	1	2	2	3	7	0	1	2	2	3	7
2004	1	99	99	49	57	60	63	65	72	54	63	66	68	70	77
2004	6	1	1	0	2	7	11	17	54	0	8	15	24	30	54
2004	6	1	2	0	13	26	38	55	100	0	31	47	61	77	100
2004	6	1	3	0	23	35	44	60	100	0	39	50	60	71	100
2004	6	1	4	0	13	31	47	55	74	0	37	50	58	64	89
2004	6	1	5	12	26	34	43	51	74	18	41	48	53	60	78
2004	6	1	6	13	26	31	38	44	63	13	34	39	44	48	66
2004	6	1	7	0	12	15	19	25	40	0	13	17	22	26	44
2004	6	1	8	0	0	0	1	1	3	0	0	0	1	1	3
2004	6	1	99	7	11	12	14	17	34	7	13	15	18	21	41
2004	6	2	1	1	5	9	11	14	30	3	8	15	19	22	37
2004	6	2	2	19	30	34	42	48	57	34	42	49	54	60	68
2004	6	2	3	37	50	58	63	72	79	46	67	71	76	81	88
2004	6	2	4	30	42	51	56	65	81	34	58	63	68	74	87
2004	6	2	5	37	45	51	56	62	68	51	55	62	67	69	79
2004	6	2	6	29	40	49	53	56	69	43	48	56	59	63	73
2004	6	2	7	9	22	26	30	36	61	12	25	29	33	40	66
2004	6	2	8	0	0	0	2	4	17	0	0	0	3	6	17
2004	6	2	99	29	37	40	45	49	58	34	47	51	54	56	66
2004	6	3	1	0	0	0	8	66	100	0	0	27	58	100	100
2004	6	3	2	5	34	42	48	56	75	31	54	60	66	74	86
2004	6	3	3	44	61	65	73	78	88	62	77	82	86	89	95
2004	6	3	4	56	69	78	81	84	100	69	83	86	89	92	100
2004	6	3	5	64	73	76	80	83	92	73	82	84	86	89	94
2004	6	3	6	55	75	80	84	86	97	70	78	84	87	91	97
2004	6	3	7	24	47	56	62	71	96	32	48	56	64	71	96
2004	6	3	8	0	0	0	5	10	24	0	0	0	5	10	24
2004	6	3	99	57	64	67	71	75	79	69	75	76	79	81	87
2004	6	99	1	1	5	9	12	15	27	4	10	14	20	23	36
2004	6	99	2	20	34	38	41	49	56	33	49	52	57	62	70
2004	6	99	3	43	53	58	64	72	79	54	71	73	79	83	90
2004	6	99	4	31	51	58	65	70	84	36	65	71	75	79	92
2004	6	99	5	39	47	56	61	67	71	51	58	65	70	74	81
2004	6	99	6	27	40	45	52	56	68	37	48	54	56	61	73
2004	6	99	7	13	17	21	25	29	45	15	20	24	27	32	49
2004	6	99	8	0	0	1	1	1	4	0	0	1	1	1	4
2004	6	99	99	24	29	33	38	41	52	29	37	41	44	47	59
2004	99	1	1	0	11	15	22	32	58	0	15	23	31	42	63
2004	99	1	2	0	34	48	56	68	100	0	49	67	75	85	100
2004	99	1	3	0	45	56	67	72	100	18	60	70	77	85	100
2004	99	1	4	0	44	57	67	72	90	3	61	70	76	81	94
2004	99	1	5	25	51	58	65	69	80	33	61	69	72	76	89
2004	99	1	6	35	49	54	59	63	73	40	55	60	64	66	76
2004	99	1	7	20	31	34	38	40	49	24	33	36	40	43	53
2004	99	1	8	0	1	1	1	1	4	0	1	1	1	1	4
2004	99	1	99	12	22	23	27	29	49	13	24	26	30	33	54
2004	99	2	1	7	11	13	17	20	34	10	14	19	23	28	41
2004	99	2	2	32	40	46	50	58	65	39	54	57	60	66	76
2004	99	2	3	53	66	71	75	80	85	63	80	82	86	88	92
2004	99	2	4	57	66	70	76	79	90	62	78	81	84	87	93
2004	99	2	5	60	66	72	73	78	83	73	75	79	81	84	88
2004	99	2	6	52	62	67	72	74	85	58	70	74	77	80	88
2004	99	2	7	31	41	45	48	52	63	35	44	48	52	55	66
2004	99	2	8	0	1	2	3	4	11	0	1	2	3	5	12
2004	99	2	99	45	51	56	60	63	67	49	62	64	67	69	75
2004	99	3	1	0	16	37	58	84	100	0	35	51	84	100	100
2004	99	3	2	13	38	44	50	56	73	40	58	61	65	72	87
2004	99	3	3	57	63	68	72	81	90	72	79	83	85	90	94
2004	99	3	4	69	78	83	86	88	95	80	89	91	93	95	99
2004	99	3	5	75	83	86	86	89	95	85	89	91	92	93	96
2004	99	3	6	72	85	87	89	90	99	82	87	90	92	93	99
2004	99	3	7	46	59	64	69	74	98	46	62	65	70	75	98
2004	99	3	8	0	3	7	11	14	30	0	3	7	11	14	30
2004	99	3	99	65	69	73	75	78	83	73	80	81	82	84	88
2004	99	99	1	8	10	14	18	24	33	10	15	19	25	32	42
2004	99	99	2	30	42	47	50	57	64	41	56	59	63	69	76
2004	99	99	3	59	65	68	73	78	82	71	79	82	84	87	92
2004	99	99	4	58	68	74	78	81	89	65	81	83	86	88	95
2004	99	99	5	60	68	73	76	80	86	68	76	80	83	85	89
2004	99	99	6	48	61	67	69	73	79	59	68	72	74	77	84
2004	99	99	7	30	37	41	43	46	56	33	40	43	45	49	60
2004	99	99	8	0	1	1	2	2	5	0	1	1	2	2	5
2004	99	99	99	36	43	46	50	53	62	41	49	53	56	58	68
2005	1	1	1	0	18	24	29	36	66	8	25	32	39	51	69
2005	1	1	2	24	62	73	78	83	100	61	81	86	89	96	100
2005	1	1	3	22	64	72	80	86	100	47	78	86	89	96	100
2005	1	1	4	44	69	74	83	90	100	44	81	86	91	96	100
2005	1	1	5	61	73	79	83	89	96	74	83	87	90	92	99
2005	1	1	6	61	72	78	84	88	92	67	80	84	88	91	95
2005	1	1	7	39	48	54	60	65	77	44	52	58	62	68	80
2005	1	1	8	0	1	2	2	3	5	0	1	2	2	3	5
2005	1	1	99	25	31	37	40	44	63	27	33	40	44	49	69
2005	1	2	1	10	18	23	26	32	46	13	24	28	34	42	49
2005	1	2	2	44	54	58	62	70	78	55	65	68	72	77	85
2005	1	2	3	74	79	83	86	89	96	83	88	91	93	95	98
2005	1	2	4	78	84	89	92	95	99	90	93	95	96	98	100
2005	1	2	5	81	86	89	92	95	97	88	92	94	96	97	99
2005	1	2	6	72	84	88	91	92	98	74	88	92	94	95	99
2005	1	2	7	46	57	61	66	69	91	50	60	65	68	72	91
2005	1	2	8	0	1	3	4	6	12	0	1	3	4	6	12
2005	1	2	99	61	69	70	75	78	81	66	74	77	80	81	86
2005	1	3	1	0	0	55	88	100	100	0	0	69	100	100	100
2005	1	3	2	13	44	52	60	64	85	41	55	66	71	75	87
2005	1	3	3	56	72	76	81	86	91	66	85	87	89	92	94
2005	1	3	4	79	86	90	94	97	100	85	94	95	97	99	100
2005	1	3	5	85	92	93	95	97	100	88	96	97	98	99	100
2005	1	3	6	82	90	93	96	97	100	83	94	95	97	98	100
2005	1	3	7	49	63	69	73	78	95	50	63	70	74	81	100
2005	1	3	8	0	5	7	13	19	40	0	5	7	13	19	40
2005	1	3	99	69	76	80	81	83	90	74	82	84	85	87	91
2005	1	99	1	9	19	24	27	33	44	13	25	30	37	42	51
2005	1	99	2	42	55	58	64	68	76	57	66	69	73	77	85
2005	1	99	3	61	76	80	84	86	94	77	86	89	91	93	97
2005	1	99	4	76	85	88	91	93	97	90	92	94	96	97	99
2005	1	99	5	77	86	89	91	94	96	87	92	94	95	97	99
2005	1	99	6	75	82	86	90	91	95	78	87	89	93	94	96
2005	1	99	7	46	54	59	64	67	76	50	58	62	66	69	78
2005	1	99	8	1	2	2	3	4	6	1	2	2	3	4	6
2005	1	99	99	52	59	61	65	67	71	57	63	67	69	71	76
2005	6	1	1	0	1	5	11	18	35	0	12	18	25	31	62
2005	6	1	2	0	26	34	42	62	100	21	47	57	63	79	100
2005	6	1	3	0	23	29	44	55	100	16	36	48	58	75	100
2005	6	1	4	0	23	36	44	56	84	0	41	46	57	73	100
2005	6	1	5	17	30	40	46	54	69	30	44	48	56	62	83
2005	6	1	6	14	26	35	40	45	54	18	33	41	45	50	56
2005	6	1	7	3	12	17	22	25	37	4	15	19	23	27	39
2005	6	1	8	0	0	1	1	1	2	0	0	1	1	1	2
2005	6	1	99	8	11	12	14	17	32	9	13	15	17	20	36
2005	6	2	1	4	8	11	15	19	26	5	15	20	23	28	37
2005	6	2	2	19	37	41	46	50	63	41	50	54	58	64	70
2005	6	2	3	35	51	59	68	69	83	50	66	72	77	81	89
2005	6	2	4	31	51	56	62	66	82	46	61	65	73	75	85
2005	6	2	5	38	47	54	58	63	73	48	57	63	67	70	78
2005	6	2	6	24	43	49	54	60	73	37	51	55	59	64	78
2005	6	2	7	12	25	28	36	41	51	12	27	31	39	43	54
2005	6	2	8	0	0	1	2	5	8	0	0	1	2	5	8
2005	6	2	99	31	39	44	47	51	58	44	49	52	55	57	64
2005	6	3	1	0	0	0	41	100	100	0	0	51	77	100	100
2005	6	3	2	8	40	50	56	63	81	8	56	64	68	74	89
2005	6	3	3	40	66	70	75	81	91	70	81	85	87	91	95
2005	6	3	4	50	73	76	80	82	90	59	80	85	87	89	95
2005	6	3	5	56	72	77	80	83	98	71	81	83	85	88	98
2005	6	3	6	64	77	79	82	84	95	69	79	83	86	90	97
2005	6	3	7	30	47	55	61	68	84	39	50	59	63	69	86
2005	6	3	8	0	0	0	4	7	23	0	0	0	4	7	23
2005	6	3	99	57	66	69	71	74	82	71	75	77	79	80	86
2005	6	99	1	3	8	12	15	18	23	4	15	20	24	28	33
2005	6	99	2	21	39	44	48	53	68	46	53	57	61	65	74
2005	6	99	3	34	58	63	68	74	80	48	72	76	81	84	90
2005	6	99	4	40	57	63	68	72	79	55	67	71	77	80	85
2005	6	99	5	41	51	58	63	68	76	52	61	66	70	73	82
2005	6	99	6	31	40	49	55	60	66	39	49	56	59	65	70
2005	6	99	7	12	20	23	27	32	44	15	22	25	29	34	45
2005	6	99	8	0	1	1	1	2	3	0	1	1	1	2	3
2005	6	99	99	27	32	36	40	43	52	32	39	42	45	48	57
2005	99	1	1	0	13	18	22	29	51	11	22	27	35	40	54
2005	99	1	2	33	51	58	66	69	86	48	68	73	78	84	97
2005	99	1	3	22	48	58	65	74	100	36	61	70	76	85	100
2005	99	1	4	11	51	62	68	74	90	11	64	72	77	84	100
2005	99	1	5	43	53	60	65	71	80	51	65	68	72	76	85
2005	99	1	6	37	49	55	59	65	72	42	54	61	64	69	77
2005	99	1	7	21	30	34	38	42	56	22	33	37	40	44	58
2005	99	1	8	0	1	1	1	2	3	0	1	1	1	2	3
2005	99	1	99	17	20	23	26	30	49	18	23	25	29	33	53
2005	99	2	1	8	14	16	20	25	32	11	19	24	28	35	40
2005	99	2	2	33	46	50	56	60	69	51	58	62	67	69	77
2005	99	2	3	54	68	74	77	80	86	70	80	83	86	88	92
2005	99	2	4	57	69	75	77	81	87	70	79	82	85	87	92
2005	99	2	5	60	69	72	76	80	84	68	76	79	81	84	88
2005	99	2	6	54	64	70	73	76	84	59	70	74	77	79	86
2005	99	2	7	36	42	46	50	56	66	39	45	50	53	59	71
2005	99	2	8	0	1	2	3	5	8	0	1	2	3	5	8
2005	99	2	99	46	54	58	61	65	69	56	63	65	67	71	74
2005	99	3	1	0	0	38	67	100	100	0	22	58	87	100	100
2005	99	3	2	10	44	51	57	62	79	32	58	64	68	71	86
2005	99	3	3	58	69	73	77	83	91	76	83	86	87	90	94
2005	99	3	4	67	80	83	85	88	94	75	87	90	91	93	96
2005	99	3	5	73	82	85	87	89	99	83	88	90	91	93	99
2005	99	3	6	76	86	88	89	90	94	80	88	90	91	93	97
2005	99	3	7	46	57	64	69	73	85	50	59	66	71	75	89
2005	99	3	8	0	4	6	9	14	31	0	5	6	9	14	31
2005	99	3	99	68	71	74	76	79	86	73	79	80	82	84	89
2005	99	99	1	8	15	17	21	25	32	12	20	25	29	35	41
2005	99	99	2	32	47	52	56	60	68	55	59	63	68	70	77
2005	99	99	3	53	68	72	76	81	87	67	80	83	86	88	92
2005	99	99	4	62	73	76	80	82	86	74	81	83	86	88	91
2005	99	99	5	60	70	74	76	81	85	71	77	80	82	86	90
2005	99	99	6	53	63	68	71	75	80	61	69	72	75	79	82
2005	99	99	7	32	37	42	45	48	57	37	41	44	48	50	59
2005	99	99	8	0	1	2	2	2	4	1	1	2	2	2	4
2005	99	99	99	40	45	48	52	55	61	45	51	53	57	59	66
2006	1	1	1	0	17	23	30	37	69	0	23	33	40	49	81
2006	1	1	2	22	57	68	77	84	100	41	72	81	86	93	100
2006	1	1	3	13	64	73	80	91	100	13	76	84	91	95	100
2006	1	1	4	35	62	73	81	87	100	59	77	81	91	96	100
2006	1	1	5	35	72	77	84	88	92	52	81	87	89	93	97
2006	1	1	6	53	70	76	83	89	94	59	78	83	87	91	95
2006	1	1	7	39	46	52	58	66	83	46	50	55	61	68	84
2006	1	1	8	0	1	2	2	3	4	0	1	2	2	3	4
2006	1	1	99	24	30	36	39	42	55	26	31	39	43	48	60
2006	1	2	1	11	16	23	26	31	44	16	24	30	34	38	48
2006	1	2	2	41	57	60	62	68	79	56	67	68	72	77	86
2006	1	2	3	48	80	83	87	89	96	62	88	91	93	95	98
2006	1	2	4	78	87	89	91	96	100	88	92	95	96	98	100
2006	1	2	5	81	87	89	91	94	97	89	93	94	96	97	99
2006	1	2	6	76	83	87	89	93	96	79	88	91	94	96	97
2006	1	2	7	45	57	60	65	69	81	50	60	63	68	72	81
2006	1	2	8	0	1	2	4	7	11	0	1	2	4	7	11
2006	1	2	99	58	70	72	75	77	83	70	76	77	80	82	86
2006	1	3	1	0	19	58	100	100	100	0	34	75	100	100	100
2006	1	3	2	19	45	52	60	67	81	22	55	61	69	75	85
2006	1	3	3	40	75	80	83	87	100	40	86	88	90	92	100
2006	1	3	4	81	87	91	93	96	100	88	93	95	97	99	100
2006	1	3	5	82	92	95	96	97	100	83	97	97	98	99	100
2006	1	3	6	84	90	93	95	97	100	86	92	96	97	98	100
2006	1	3	7	52	61	67	71	79	100	52	63	69	75	80	100
2006	1	3	8	0	4	9	12	18	75	0	5	9	12	18	75
2006	1	3	99	72	78	80	82	85	88	77	82	84	86	87	89
2006	1	99	1	10	18	24	27	33	44	16	24	31	35	42	51
2006	1	99	2	44	57	59	63	67	79	56	67	69	71	76	85
2006	1	99	3	43	78	81	85	87	93	53	87	89	91	93	96
2006	1	99	4	78	85	89	91	93	97	87	92	94	96	97	100
2006	1	99	5	73	87	89	91	93	96	83	92	94	96	97	98
2006	1	99	6	72	81	85	89	92	94	78	87	90	92	94	96
2006	1	99	7	45	53	57	63	67	82	50	57	61	66	70	83
2006	1	99	8	1	2	2	3	4	5	1	2	2	3	4	5
2006	1	99	99	53	59	62	65	67	72	55	64	66	69	71	77
2006	6	1	1	0	2	7	12	20	51	0	9	18	24	33	72
2006	6	1	2	0	20	34	48	59	100	0	32	48	60	79	100
2006	6	1	3	0	24	36	50	65	100	0	40	53	63	78	100
2006	6	1	4	0	29	39	48	57	86	16	41	53	64	74	100
2006	6	1	5	4	33	45	51	55	73	20	46	53	58	63	85
2006	6	1	6	4	28	36	43	48	58	8	34	41	47	53	63
2006	6	1	7	10	13	19	22	26	35	12	16	21	24	28	38
2006	6	1	8	0	0	1	1	1	2	0	0	1	1	1	2
2006	6	1	99	5	11	13	15	17	26	9	14	15	17	19	29
2006	6	2	1	2	8	11	14	20	31	9	15	19	22	28	41
2006	6	2	2	25	41	45	50	55	63	38	53	56	60	66	74
2006	6	2	3	43	54	61	68	73	77	57	71	75	80	83	86
2006	6	2	4	32	49	56	65	70	82	49	60	67	74	79	90
2006	6	2	5	35	46	57	61	66	78	45	57	64	69	73	81
2006	6	2	6	30	47	53	56	60	73	36	55	58	62	67	79
2006	6	2	7	16	26	30	34	40	56	19	28	34	38	43	60
2006	6	2	8	0	0	0	2	3	12	0	0	0	2	3	12
2006	6	2	99	33	41	46	49	54	60	45	52	54	56	61	68
2006	6	3	1	0	0	0	62	100	100	0	0	75	100	100	100
2006	6	3	2	26	42	47	55	63	77	39	53	60	67	73	85
2006	6	3	3	57	71	74	78	80	90	63	84	85	88	91	94
2006	6	3	4	60	74	79	82	84	91	77	82	85	88	91	100
2006	6	3	5	67	75	79	82	85	100	77	83	84	87	89	100
2006	6	3	6	54	77	81	84	87	100	57	81	85	88	90	100
2006	6	3	7	22	51	57	64	68	85	22	51	58	64	70	96
2006	6	3	8	0	0	0	4	7	15	0	0	0	5	7	15
2006	6	3	99	62	68	71	73	76	82	71	76	77	80	81	85
2006	6	99	1	2	8	11	14	19	33	8	16	18	24	28	43
2006	6	99	2	21	41	46	51	56	63	39	55	57	61	67	73
2006	6	99	3	40	61	66	71	75	81	60	75	78	81	85	89
2006	6	99	4	41	57	61	71	75	80	55	68	72	79	82	87
2006	6	99	5	41	52	61	68	71	79	55	62	69	74	77	83
2006	6	99	6	22	46	52	56	63	69	26	54	57	61	67	73
2006	6	99	7	13	20	26	29	33	42	15	23	28	32	36	45
2006	6	99	8	0	0	1	1	1	3	0	0	1	1	1	3
2006	6	99	99	27	34	37	42	45	52	33	40	42	47	49	57
2006	99	1	1	0	12	19	22	27	57	0	21	30	33	39	73
2006	99	1	2	16	47	56	61	73	85	20	62	66	77	84	100
2006	99	1	3	24	51	60	70	77	93	26	63	72	80	86	100
2006	99	1	4	16	54	61	67	73	91	32	65	70	77	85	100
2006	99	1	5	21	57	62	67	74	84	36	67	72	74	78	88
2006	99	1	6	24	50	56	61	66	74	29	58	61	65	69	78
2006	99	1	7	23	30	35	39	43	59	26	32	37	41	45	61
2006	99	1	8	0	1	1	1	2	3	0	1	1	1	2	3
2006	99	1	99	15	19	23	26	29	40	18	22	25	28	33	45
2006	99	2	1	8	13	17	21	24	36	14	19	25	29	33	42
2006	99	2	2	34	50	53	58	61	70	51	61	63	66	71	78
2006	99	2	3	51	68	74	79	82	86	68	81	84	86	88	93
2006	99	2	4	59	69	75	79	82	90	71	77	83	86	88	94
2006	99	2	5	58	69	74	77	79	87	67	77	80	82	85	90
2006	99	2	6	55	66	70	74	76	84	61	72	75	78	80	87
2006	99	2	7	35	43	46	51	54	65	39	46	49	54	57	69
2006	99	2	8	0	1	2	3	4	11	0	1	2	3	4	11
2006	99	2	99	48	57	60	63	66	70	60	64	66	68	71	77
2006	99	3	1	0	0	50	76	100	100	0	36	70	100	100	100
2006	99	3	2	27	42	49	56	64	79	44	56	61	67	72	84
2006	99	3	3	48	73	76	80	84	91	51	85	87	88	91	95
2006	99	3	4	75	81	83	87	90	93	81	88	90	92	94	100
2006	99	3	5	78	84	87	88	90	100	83	89	91	92	93	100
2006	99	3	6	72	86	88	89	91	96	75	89	90	92	93	99
2006	99	3	7	44	60	64	68	73	89	44	61	66	70	74	89
2006	99	3	8	0	4	7	9	14	30	0	4	7	9	14	30
2006	99	3	99	67	72	76	78	80	84	75	80	81	82	84	86
2006	99	99	1	9	14	18	21	26	39	13	20	25	29	35	48
2006	99	99	2	33	50	52	57	61	68	53	61	63	67	71	78
2006	99	99	3	44	69	73	79	80	86	57	81	84	87	89	91
2006	99	99	4	60	72	76	80	84	88	72	80	84	87	89	92
2006	99	99	5	58	71	75	80	82	87	70	78	81	85	86	90
2006	99	99	6	48	65	68	72	76	81	54	71	73	77	80	85
2006	99	99	7	29	39	42	46	48	61	33	41	44	48	51	64
2006	99	99	8	1	1	2	2	2	3	1	1	2	2	2	3
2006	99	99	99	40	46	49	53	56	62	44	51	54	58	60	67
2007	1	1	1	0	17	26	31	36	68	0	27	34	41	50	83
2007	1	1	2	26	57	70	75	83	100	47	74	83	89	93	100
2007	1	1	3	39	62	75	82	90	100	42	70	86	92	96	100
2007	1	1	4	11	66	76	83	89	100	20	77	84	89	94	100
2007	1	1	5	32	71	76	80	85	95	56	80	85	87	91	97
2007	1	1	6	40	71	79	83	86	94	59	79	84	88	90	99
2007	1	1	7	38	46	51	56	62	82	43	51	54	59	65	84
2007	1	1	8	0	1	1	2	3	6	0	1	1	2	3	6
2007	1	1	99	23	30	35	39	42	54	25	33	37	42	48	61
2007	1	2	1	11	19	23	26	30	39	14	26	30	34	38	52
2007	1	2	2	46	56	61	66	68	77	55	66	70	73	75	84
2007	1	2	3	63	80	83	86	88	94	84	88	90	93	94	97
2007	1	2	4	59	87	89	90	93	100	80	93	95	96	97	100
2007	1	2	5	82	87	88	91	94	97	89	92	94	95	96	99
2007	1	2	6	73	82	88	90	92	96	77	88	92	93	94	97
2007	1	2	7	48	56	61	67	70	80	50	59	63	69	73	80
2007	1	2	8	0	0	2	4	7	14	0	0	2	4	7	14
2007	1	2	99	61	70	73	76	78	82	72	76	78	80	82	86
2007	1	3	1	0	15	50	74	100	100	0	17	68	100	100	100
2007	1	3	2	25	48	54	62	70	85	25	57	63	69	76	86
2007	1	3	3	60	74	80	86	89	94	73	84	88	91	93	98
2007	1	3	4	80	89	91	94	96	99	89	95	96	97	99	100
2007	1	3	5	89	93	95	97	98	100	92	97	98	99	100	100
2007	1	3	6	83	91	93	95	96	100	84	93	95	97	98	100
2007	1	3	7	48	62	66	70	76	85	48	65	68	72	78	85
2007	1	3	8	0	8	10	15	20	62	0	8	10	15	20	62
2007	1	3	99	71	78	80	82	85	90	77	82	85	86	87	92
2007	1	99	1	10	21	24	26	32	46	15	27	31	36	41	55
2007	1	99	2	44	57	61	65	69	78	57	66	70	73	76	83
2007	1	99	3	57	78	82	86	88	91	79	87	89	91	93	96
2007	1	99	4	69	86	88	90	92	97	83	92	94	95	97	99
2007	1	99	5	75	87	89	91	93	97	84	92	94	95	96	98
2007	1	99	6	68	81	86	89	92	93	78	87	90	92	94	96
2007	1	99	7	45	53	57	60	67	79	50	57	60	63	68	81
2007	1	99	8	1	2	2	3	4	6	1	2	3	3	4	6
2007	1	99	99	53	59	62	65	68	70	55	64	67	69	72	75
2007	6	1	1	0	5	11	18	24	59	0	9	20	30	36	72
2007	6	1	2	0	26	34	45	61	100	0	39	51	62	71	100
2007	6	1	3	0	23	37	51	62	100	0	33	53	63	75	100
2007	6	1	4	0	31	42	46	63	100	13	45	53	63	70	100
2007	6	1	5	9	35	43	48	53	76	19	48	52	59	65	78
2007	6	1	6	7	30	37	44	50	71	20	38	42	48	55	73
2007	6	1	7	4	14	19	23	27	36	8	16	21	25	29	37
2007	6	1	8	0	0	1	1	1	2	0	0	1	1	1	2
2007	6	1	99	3	11	13	16	18	24	10	14	16	18	20	29
2007	6	2	1	4	8	11	15	18	28	7	15	17	22	27	38
2007	6	2	2	24	39	44	48	53	64	34	50	54	61	64	73
2007	6	2	3	23	57	65	72	75	94	55	71	76	80	84	96
2007	6	2	4	32	53	60	66	71	80	51	65	69	75	79	87
2007	6	2	5	37	52	58	63	67	76	51	61	66	70	73	82
2007	6	2	6	39	47	54	59	63	73	47	57	62	65	67	78
2007	6	2	7	16	30	33	35	40	53	18	32	35	39	43	54
2007	6	2	8	0	0	1	3	5	10	0	0	2	3	5	10
2007	6	2	99	29	43	48	50	55	60	43	53	55	58	62	67
2007	6	3	1	0	0	0	42	83	100	0	28	61	100	100	100
2007	6	3	2	27	44	52	57	61	84	35	54	62	68	72	89
2007	6	3	3	42	72	77	81	85	92	74	81	85	88	90	95
2007	6	3	4	47	76	80	84	86	94	64	84	86	89	91	96
2007	6	3	5	70	76	78	81	85	100	78	82	84	85	89	100
2007	6	3	6	61	76	79	85	86	95	67	80	83	87	89	100
2007	6	3	7	30	53	61	66	71	80	30	55	63	67	71	84
2007	6	3	8	0	0	1	4	9	34	0	0	1	4	9	34
2007	6	3	99	64	69	72	75	78	82	72	76	78	80	82	89
2007	6	99	1	4	9	12	15	20	26	8	15	19	24	28	38
2007	6	99	2	27	41	47	49	53	61	36	54	55	60	65	70
2007	6	99	3	24	61	71	73	76	88	49	74	78	81	84	95
2007	6	99	4	39	61	68	72	77	83	52	71	75	79	83	89
2007	6	99	5	44	57	64	68	71	78	54	65	69	74	76	83
2007	6	99	6	28	47	54	59	64	73	42	54	60	63	69	76
2007	6	99	7	12	23	27	31	34	42	16	25	30	33	36	43
2007	6	99	8	0	1	1	1	1	3	0	1	1	1	1	3
2007	6	99	99	26	34	40	43	46	51	34	41	45	47	51	56
2007	99	1	1	0	14	21	25	30	51	0	23	28	34	43	81
2007	99	1	2	26	48	56	61	68	100	47	64	69	75	80	100
2007	99	1	3	27	49	58	65	76	97	35	59	68	78	84	100
2007	99	1	4	20	55	60	67	75	94	29	64	71	76	82	100
2007	99	1	5	30	54	61	66	70	83	47	65	70	74	79	87
2007	99	1	6	21	51	58	62	67	83	37	58	63	66	71	85
2007	99	1	7	19	30	34	38	42	60	25	33	36	40	44	61
2007	99	1	8	0	1	1	1	2	2	0	1	1	1	2	2
2007	99	1	99	16	21	23	25	29	39	18	23	26	29	32	45
2007	99	2	1	9	15	17	20	25	33	13	21	24	28	33	45
2007	99	2	2	36	49	53	57	61	68	52	58	62	66	69	77
2007	99	2	3	44	70	76	80	82	90	72	80	84	86	88	93
2007	99	2	4	44	72	77	80	83	91	64	81	83	86	88	93
2007	99	2	5	63	71	74	77	81	89	72	78	81	83	85	91
2007	99	2	6	60	67	70	75	78	84	64	74	76	78	81	88
2007	99	2	7	38	44	47	51	55	63	42	47	50	53	59	65
2007	99	2	8	0	1	2	3	5	10	0	1	2	3	5	11
2007	99	2	99	46	58	61	64	67	70	59	65	67	70	72	76
2007	99	3	1	0	5	38	61	100	100	0	44	69	100	100	100
2007	99	3	2	31	45	54	58	62	83	40	57	63	68	72	88
2007	99	3	3	52	72	79	84	86	89	76	83	86	89	91	94
2007	99	3	4	70	82	85	88	90	94	80	89	91	92	94	97
2007	99	3	5	80	85	86	88	90	100	86	89	91	91	93	100
2007	99	3	6	76	85	88	90	91	96	82	88	90	91	93	96
2007	99	3	7	50	60	63	69	72	80	50	62	67	70	73	82
2007	99	3	8	0	5	8	11	16	40	0	6	8	11	16	40
2007	99	3	99	69	74	76	79	80	84	75	79	81	83	84	87
2007	99	99	1	10	16	18	21	25	33	14	23	27	29	33	44
2007	99	99	2	36	50	53	57	60	67	51	59	64	66	69	76
2007	99	99	3	42	71	77	80	82	88	65	81	84	87	88	94
2007	99	99	4	52	75	78	81	85	89	66	83	85	87	89	93
2007	99	99	5	60	73	77	80	82	87	69	79	82	85	87	90
2007	99	99	6	49	66	70	73	78	83	61	73	74	77	81	85
2007	99	99	7	30	39	42	45	49	61	34	40	45	47	52	62
2007	99	99	8	1	1	2	2	2	4	1	1	2	2	2	4
2007	99	99	99	41	46	51	54	57	60	45	52	55	58	61	66
2008	1	1	1	0	14	19	25	35	49	5	25	37	43	51	73
2008	1	1	2	25	51	58	65	79	100	34	77	84	90	96	100
2008	1	1	3	0	45	62	72	82	100	22	72	83	92	97	100
2008	1	1	4	34	64	70	75	83	97	43	78	87	91	95	100
2008	1	1	5	61	65	70	74	81	90	68	79	83	87	90	98
2008	1	1	6	55	67	73	78	81	97	65	80	82	85	90	98
2008	1	1	7	25	47	52	57	63	83	42	53	57	61	68	84
2008	1	1	8	0	1	2	2	3	8	0	1	2	2	3	8
2008	1	1	99	21	27	34	37	40	45	22	30	38	43	47	61
2008	1	2	1	8	12	18	22	26	33	15	21	28	32	35	45
2008	1	2	2	47	54	56	60	65	78	54	66	69	72	77	83
2008	1	2	3	64	75	79	82	84	95	80	87	90	92	95	98
2008	1	2	4	73	81	84	88	90	95	90	92	94	95	97	99
2008	1	2	5	77	84	87	90	92	96	89	93	94	96	97	100
2008	1	2	6	74	81	84	87	89	95	80	88	91	92	94	98
2008	1	2	7	43	56	61	65	70	83	47	60	65	68	74	86
2008	1	2	8	0	2	3	5	7	11	0	2	3	5	7	12
2008	1	2	99	64	67	71	73	75	80	73	76	78	80	82	85
2008	1	3	1	0	11	57	79	100	100	0	35	69	94	100	100
2008	1	3	2	13	45	52	57	64	81	13	54	61	66	73	97
2008	1	3	3	51	74	77	83	86	95	71	83	87	90	93	100
2008	1	3	4	77	88	91	94	97	100	88	96	97	98	100	100
2008	1	3	5	77	92	94	95	97	100	92	97	98	99	99	100
2008	1	3	6	82	89	92	94	96	98	84	93	95	96	97	100
2008	1	3	7	41	60	64	71	79	97	42	62	66	73	80	97
2008	1	3	8	0	6	10	14	18	35	0	6	10	14	18	35
2008	1	3	99	68	76	79	81	84	89	73	81	84	85	87	93
2008	1	99	1	8	13	19	24	27	33	17	23	28	35	39	50
2008	1	99	2	44	52	57	60	64	79	56	66	69	74	77	83
2008	1	99	3	64	73	78	81	85	90	78	87	88	91	93	97
2008	1	99	4	71	82	85	88	91	96	89	93	94	95	96	99
2008	1	99	5	77	84	87	89	92	94	91	92	94	95	97	99
2008	1	99	6	73	79	83	86	89	95	80	87	89	91	94	98
2008	1	99	7	44	54	57	62	67	78	52	57	62	66	70	82
2008	1	99	8	1	2	3	3	4	9	1	2	3	3	4	9
2008	1	99	99	54	57	60	63	65	69	57	65	67	69	72	76
2008	6	1	1	0	4	8	13	17	28	0	15	20	25	35	85
2008	6	1	2	0	15	34	45	53	100	0	35	57	69	78	100
2008	6	1	3	0	17	28	44	65	100	0	34	56	68	79	100
2008	6	1	4	0	29	38	51	64	100	0	41	54	66	75	100
2008	6	1	5	9	37	42	51	58	68	24	52	59	63	67	83
2008	6	1	6	8	31	40	46	51	60	32	41	46	50	56	65
2008	6	1	7	6	15	19	23	28	31	9	19	21	26	30	34
2008	6	1	8	0	1	1	1	1	2	0	1	1	1	1	3
2008	6	1	99	8	11	13	15	17	20	11	14	16	19	22	28
2008	6	2	1	1	7	10	14	17	25	4	14	18	24	28	34
2008	6	2	2	21	40	43	47	53	61	25	51	57	62	66	72
2008	6	2	3	26	58	65	71	76	87	53	74	77	84	86	92
2008	6	2	4	40	54	60	68	74	85	50	68	73	78	83	92
2008	6	2	5	42	53	58	62	68	78	55	63	68	72	76	86
2008	6	2	6	40	50	55	60	67	77	51	58	62	68	72	79
2008	6	2	7	8	27	34	35	39	51	13	30	37	39	43	56
2008	6	2	8	0	1	2	4	5	19	0	1	2	4	5	19
2008	6	2	99	32	42	47	51	56	64	45	53	56	61	63	69
2008	6	3	1	0	0	35	66	100	100	0	0	51	100	100	100
2008	6	3	2	27	45	49	54	63	84	36	58	62	66	72	90
2008	6	3	3	54	69	73	79	84	94	69	82	86	88	90	97
2008	6	3	4	39	74	79	82	86	97	58	86	87	89	91	97
2008	6	3	5	70	76	79	82	85	96	78	83	85	88	90	96
2008	6	3	6	63	76	81	84	86	96	67	80	84	86	89	100
2008	6	3	7	35	55	60	66	74	87	36	57	61	69	75	87
2008	6	3	8	0	0	2	6	9	17	0	0	2	6	10	17
2008	6	3	99	63	69	72	74	77	84	72	77	79	80	82	88
2008	6	99	1	2	8	11	14	16	23	6	15	20	25	29	33
2008	6	99	2	23	41	45	49	54	62	39	54	59	63	66	71
2008	6	99	3	30	59	66	73	76	83	49	76	80	83	86	90
2008	6	99	4	43	60	66	73	78	86	59	74	78	82	85	89
2008	6	99	5	41	56	62	68	74	79	51	68	73	77	80	86
2008	6	99	6	33	49	56	61	67	73	49	57	62	66	73	77
2008	6	99	7	10	22	28	32	36	43	14	25	31	35	38	45
2008	6	99	8	0	1	1	1	2	3	0	1	1	1	2	3
2008	6	99	99	26	35	40	44	47	51	35	43	48	50	52	57
2008	99	1	1	0	12	16	20	26	36	4	23	30	37	43	58
2008	99	1	2	16	44	50	55	62	85	33	66	72	78	83	100
2008	99	1	3	19	37	49	59	71	95	29	59	71	78	87	100
2008	99	1	4	25	52	56	66	72	86	46	65	72	79	84	92
2008	99	1	5	37	54	60	63	69	80	49	69	72	75	79	88
2008	99	1	6	31	48	56	61	65	73	43	58	62	67	72	79
2008	99	1	7	16	30	34	39	42	56	23	35	37	41	46	57
2008	99	1	8	0	1	1	1	2	5	0	1	1	1	2	5
2008	99	1	99	15	19	22	25	28	32	16	21	27	31	33	44
2008	99	2	1	7	12	14	16	20	28	14	19	23	27	31	39
2008	99	2	2	35	48	51	54	58	67	48	59	63	68	71	76
2008	99	2	3	54	68	74	77	79	86	72	82	86	88	90	94
2008	99	2	4	60	69	73	79	82	90	74	83	85	88	90	93
2008	99	2	5	61	69	73	77	80	86	76	80	82	84	87	90
2008	99	2	6	60	66	70	74	78	85	69	74	77	79	83	87
2008	99	2	7	27	41	48	50	56	66	37	47	51	53	60	67
2008	99	2	8	0	2	3	4	6	13	0	2	3	4	6	13
2008	99	2	99	49	56	59	62	66	72	61	65	68	71	73	77
2008	99	3	1	0	0	37	68	100	100	0	13	63	82	100	100
2008	99	3	2	31	47	50	54	60	78	45	59	62	65	69	88
2008	99	3	3	53	72	76	80	85	91	74	84	86	89	91	97
2008	99	3	4	68	80	84	88	90	98	77	90	92	93	95	98
2008	99	3	5	74	84	86	88	90	99	85	89	92	92	94	99
2008	99	3	6	75	84	87	89	91	97	79	88	90	91	94	97
2008	99	3	7	42	60	64	68	74	91	44	61	67	70	76	91
2008	99	3	8	0	5	8	11	14	25	0	5	8	11	14	25
2008	99	3	99	68	73	75	77	80	86	74	79	81	83	85	90
2008	99	99	1	7	12	15	18	21	26	16	21	26	29	31	39
2008	99	99	2	35	48	51	54	58	65	52	61	65	68	71	76
2008	99	99	3	48	67	73	77	79	84	67	82	85	87	89	92
2008	99	99	4	60	72	75	81	85	90	75	85	86	89	90	93
2008	99	99	5	62	70	75	79	82	86	71	81	83	86	88	90
2008	99	99	6	55	64	69	74	78	83	68	73	76	78	83	86
2008	99	99	7	29	39	43	47	49	62	38	43	47	49	52	63
2008	99	99	8	1	1	2	2	3	5	1	1	2	2	3	6
2008	99	99	99	41	46	49	53	57	59	46	53	56	59	62	65
2009	1	1	1	0	6	11	15	22	35	6	22	34	38	44	56
2009	1	1	2	10	36	43	50	61	100	49	79	84	86	94	100
2009	1	1	3	0	40	50	57	70	92	0	73	80	88	93	100
2009	1	1	4	0	47	55	61	73	100	0	78	83	87	93	100
2009	1	1	5	33	55	62	65	70	87	44	78	83	87	91	96
2009	1	1	6	29	58	63	72	77	94	37	77	82	85	89	97
2009	1	1	7	33	40	45	53	59	70	36	49	58	62	66	80
2009	1	1	8	0	1	1	2	2	14	0	1	1	2	2	14
2009	1	1	99	16	24	28	32	34	44	18	29	36	42	47	60
2009	1	2	1	1	8	11	13	18	28	6	19	22	27	29	44
2009	1	2	2	28	42	46	50	53	69	47	63	67	69	73	84
2009	1	2	3	51	64	68	72	76	92	79	88	90	91	93	100
2009	1	2	4	52	71	75	80	84	96	83	91	93	95	96	99
2009	1	2	5	67	75	79	83	86	93	88	93	94	95	96	100
2009	1	2	6	62	75	80	82	86	93	77	87	91	93	94	96
2009	1	2	7	41	54	57	62	67	79	50	60	63	68	72	82
2009	1	2	8	0	1	2	4	6	9	0	2	3	4	6	13
2009	1	2	99	52	61	63	66	68	74	65	75	77	79	81	83
2009	1	3	1	0	0	0	62	100	100	0	0	69	100	100	100
2009	1	3	2	0	35	41	48	54	80	0	51	58	62	68	84
2009	1	3	3	56	65	70	74	80	88	67	85	87	89	92	99
2009	1	3	4	71	84	88	91	94	100	82	95	96	98	99	100
2009	1	3	5	79	87	91	92	95	100	92	97	97	98	99	100
2009	1	3	6	79	87	89	91	95	100	81	92	95	96	98	100
2009	1	3	7	44	62	67	70	75	96	44	64	71	74	78	96
2009	1	3	8	0	6	8	11	15	39	0	6	8	11	16	39
2009	1	3	99	65	73	76	78	80	87	73	81	84	85	86	90
2009	1	99	1	1	9	12	15	18	24	6	19	27	31	33	48
2009	1	99	2	32	42	45	50	53	69	53	64	67	70	73	85
2009	1	99	3	49	63	68	72	75	82	71	86	88	90	92	96
2009	1	99	4	61	73	76	80	84	97	84	92	93	95	96	99
2009	1	99	5	67	76	80	84	86	91	89	92	94	95	96	98
2009	1	99	6	66	75	78	82	85	92	80	87	89	91	93	95
2009	1	99	7	43	52	54	60	63	72	48	57	62	66	69	76
2009	1	99	8	1	2	2	3	3	12	1	2	2	3	4	12
2009	1	99	99	49	52	55	58	60	63	54	63	66	69	71	75
2009	6	1	1	0	0	4	9	12	69	0	10	16	25	31	69
2009	6	1	2	0	11	25	30	40	65	0	27	53	65	72	100
2009	6	1	3	0	15	21	38	48	100	0	37	54	65	77	100
2009	6	1	4	0	20	30	40	50	89	7	48	53	63	74	100
2009	6	1	5	16	33	39	46	53	78	30	52	58	64	70	84
2009	6	1	6	10	29	37	45	50	63	37	42	49	55	59	69
2009	6	1	7	4	14	20	23	28	38	12	20	23	27	31	42
2009	6	1	8	0	0	1	1	1	3	0	0	1	1	1	3
2009	6	1	99	6	10	12	14	16	26	10	13	16	19	22	38
2009	6	2	1	3	6	8	9	12	17	10	13	15	19	23	30
2009	6	2	2	16	31	37	41	45	54	40	51	56	61	65	75
2009	6	2	3	32	54	59	65	68	78	64	75	79	82	86	93
2009	6	2	4	40	51	58	64	69	79	54	72	75	81	84	90
2009	6	2	5	32	50	54	61	67	79	53	68	72	74	78	87
2009	6	2	6	41	48	53	59	65	74	51	60	64	68	74	79
2009	6	2	7	20	27	32	38	43	62	26	32	36	43	49	64
2009	6	2	8	0	0	2	3	5	22	0	0	2	3	5	22
2009	6	2	99	30	40	46	49	52	60	44	55	59	61	63	70
2009	6	3	1	0	0	0	41	100	100	0	0	68	100	100	100
2009	6	3	2	0	39	44	50	55	81	44	55	62	65	73	92
2009	6	3	3	48	66	71	78	82	90	71	83	85	89	91	96
2009	6	3	4	51	73	77	81	84	91	72	86	89	91	92	95
2009	6	3	5	59	74	77	81	84	93	75	83	85	88	90	97
2009	6	3	6	69	77	79	83	86	96	77	82	85	88	90	97
2009	6	3	7	38	54	59	66	74	82	45	58	62	68	74	85
2009	6	3	8	0	0	2	6	11	47	0	0	2	6	12	47
2009	6	3	99	60	67	70	73	76	82	72	78	79	81	83	88
2009	6	99	1	3	6	7	9	11	15	9	14	16	21	24	32
2009	6	99	2	11	34	41	42	46	57	44	53	59	61	65	73
2009	6	99	3	37	58	62	68	71	80	68	77	80	83	86	91
2009	6	99	4	36	57	65	69	75	81	57	76	81	83	85	91
2009	6	99	5	42	55	60	67	73	79	57	71	75	79	81	86
2009	6	99	6	35	49	55	60	66	75	52	61	64	70	74	79
2009	6	99	7	17	24	29	33	36	46	23	29	33	36	41	51
2009	6	99	8	0	1	1	1	2	7	0	1	1	2	2	7
2009	6	99	99	28	34	39	42	45	49	36	44	48	51	53	58
2009	99	1	1	0	7	10	13	16	40	6	20	27	32	38	49
2009	99	1	2	17	28	36	41	52	80	26	61	72	78	82	100
2009	99	1	3	10	33	42	50	57	84	32	59	70	77	84	100
2009	99	1	4	21	39	46	50	60	80	44	62	71	77	80	98
2009	99	1	5	30	46	53	57	60	81	43	68	71	77	79	88
2009	99	1	6	26	45	49	58	63	78	46	58	65	71	74	83
2009	99	1	7	23	28	32	37	41	52	27	34	38	42	46	60
2009	99	1	8	0	1	1	1	1	7	0	1	1	1	1	7
2009	99	1	99	11	16	19	22	25	33	14	21	26	29	34	49
2009	99	2	1	4	7	10	11	13	19	11	15	19	23	26	36
2009	99	2	2	33	38	42	45	48	55	49	58	61	64	68	74
2009	99	2	3	47	60	64	68	72	81	76	82	85	87	88	95
2009	99	2	4	50	62	67	72	76	89	78	84	86	87	90	96
2009	99	2	5	55	64	67	72	75	81	77	82	84	85	87	92
2009	99	2	6	56	62	67	71	75	81	66	75	78	81	83	86
2009	99	2	7	33	43	45	50	53	71	39	48	51	55	59	74
2009	99	2	8	0	2	3	3	5	10	0	2	3	3	5	10
2009	99	2	99	42	51	54	58	60	67	56	66	68	70	72	76
2009	99	3	1	0	0	0	26	100	100	0	0	67	100	100	100
2009	99	3	2	0	37	44	49	53	81	31	55	61	65	69	86
2009	99	3	3	51	66	71	75	80	87	73	84	86	89	91	95
2009	99	3	4	68	78	82	84	87	95	81	90	92	93	95	97
2009	99	3	5	70	82	83	86	89	97	84	89	91	93	94	99
2009	99	3	6	79	83	85	87	89	96	85	88	89	91	93	98
2009	99	3	7	48	62	64	67	72	85	52	63	67	70	75	85
2009	99	3	8	0	5	7	9	14	36	0	5	7	10	14	36
2009	99	3	99	64	70	72	75	77	84	73	79	81	83	84	89
2009	99	99	1	3	8	10	12	14	17	11	17	22	25	28	41
2009	99	99	2	32	39	42	46	48	56	55	60	61	66	69	76
2009	99	99	3	43	61	65	70	73	81	71	82	85	86	88	91
2009	99	99	4	46	67	70	74	80	86	70	85	87	89	90	94
2009	99	99	5	59	67	70	74	79	84	78	82	85	86	88	92
2009	99	99	6	52	60	66	71	75	81	68	75	77	80	83	86
2009	99	99	7	30	38	43	46	49	56	39	45	47	50	55	62
2009	99	99	8	1	1	2	2	3	9	1	1	2	2	3	9
2009	99	99	99	39	43	46	49	52	56	46	53	57	60	62	66
2010	1	1	1	0	5	8	11	16	36	0	17	24	31	39	54
2010	1	1	2	0	33	39	46	54	100	50	74	84	88	95	100
2010	1	1	3	0	34	47	58	68	100	0	77	84	90	97	100
2010	1	1	4	22	39	50	61	67	100	54	73	82	86	93	100
2010	1	1	5	39	53	58	63	70	85	54	79	83	87	92	96
2010	1	1	6	31	56	59	64	72	85	41	74	79	84	88	94
2010	1	1	7	6	38	43	49	53	64	14	45	55	61	65	78
2010	1	1	8	0	1	1	1	2	5	0	1	1	1	2	8
2010	1	1	99	15	21	26	28	31	45	17	27	34	40	46	64
2010	1	2	1	2	7	9	11	13	25	6	16	20	24	26	40
2010	1	2	2	20	36	38	42	45	59	48	57	62	66	69	79
2010	1	2	3	50	61	66	70	73	88	82	88	89	91	93	98
2010	1	2	4	58	69	73	77	82	94	87	92	94	95	97	100
2010	1	2	5	63	74	78	81	84	92	89	93	94	95	97	98
2010	1	2	6	65	74	77	82	84	89	77	88	90	92	94	98
2010	1	2	7	48	53	59	61	67	80	55	62	66	70	73	85
2010	1	2	8	0	1	3	4	6	15	0	1	3	4	6	15
2010	1	2	99	51	58	61	63	66	75	65	74	76	78	80	83
2010	1	3	1	0	0	0	33	100	100	0	0	90	100	100	100
2010	1	3	2	0	30	38	42	51	100	0	48	55	62	67	100
2010	1	3	3	48	61	66	74	79	93	61	82	85	87	92	100
2010	1	3	4	74	80	85	89	92	100	86	94	96	97	99	100
2010	1	3	5	76	87	89	91	93	100	95	97	97	98	99	100
2010	1	3	6	71	86	90	91	93	98	84	93	96	97	97	100
2010	1	3	7	44	60	65	70	75	89	45	65	71	74	77	89
2010	1	3	8	0	5	7	10	15	23	0	5	7	10	15	23
2010	1	3	99	61	72	74	76	78	86	72	80	82	84	86	91
2010	1	99	1	2	8	9	11	14	25	7	18	23	25	29	40
2010	1	99	2	29	36	39	41	48	57	52	60	65	67	69	84
2010	1	99	3	50	60	64	68	73	85	80	86	88	90	93	95
2010	1	99	4	61	70	76	80	84	87	82	92	93	95	96	98
2010	1	99	5	66	75	79	82	86	91	91	93	94	95	96	97
2010	1	99	6	62	73	76	80	84	89	79	87	89	91	94	96
2010	1	99	7	38	50	53	56	61	70	50	58	63	66	68	75
2010	1	99	8	1	2	2	2	4	6	1	2	2	3	4	6
2010	1	99	99	47	50	53	56	58	61	55	63	65	68	70	74
2010	6	1	1	0	0	2	4	9	31	0	9	16	21	30	46
2010	6	1	2	0	15	25	40	45	90	0	48	56	71	79	100
2010	6	1	3	0	17	28	40	50	100	0	49	60	73	85	100
2010	6	1	4	0	18	29	39	49	74	14	39	53	65	73	100
2010	6	1	5	13	30	36	46	53	83	26	55	60	68	75	84
2010	6	1	6	13	31	38	43	51	66	27	46	51	55	61	74
2010	6	1	7	6	16	20	24	29	42	16	22	24	29	34	44
2010	6	1	8	0	0	1	1	1	3	0	0	1	1	1	3
2010	6	1	99	5	10	11	13	17	28	8	13	15	20	23	39
2010	6	2	1	1	3	5	7	8	17	5	12	15	17	21	29
2010	6	2	2	11	29	32	38	41	49	40	48	54	59	63	69
2010	6	2	3	28	50	56	61	64	73	49	75	79	83	87	94
2010	6	2	4	32	50	57	61	67	75	51	73	78	81	85	89
2010	6	2	5	32	48	54	62	65	75	47	68	74	76	81	87
2010	6	2	6	41	47	53	59	64	76	53	62	66	70	76	82
2010	6	2	7	20	30	34	37	41	64	25	36	40	43	48	70
2010	6	2	8	0	0	2	3	5	13	0	0	2	3	5	13
2010	6	2	99	27	40	44	47	50	57	43	56	58	61	63	68
2010	6	3	1	0	0	0	0	26	100	0	0	35	100	100	100
2010	6	3	2	3	33	39	44	52	76	29	54	58	64	71	86
2010	6	3	3	44	66	69	71	79	92	66	83	86	88	91	95
2010	6	3	4	36	72	75	79	83	98	62	86	89	90	92	98
2010	6	3	5	68	72	76	80	82	89	78	84	87	89	91	96
2010	6	3	6	59	77	80	84	88	94	74	85	86	89	92	97
2010	6	3	7	30	54	60	67	73	87	33	56	64	71	75	87
2010	6	3	8	0	0	3	5	10	47	0	0	3	6	10	47
2010	6	3	99	60	66	68	71	74	81	71	77	79	81	82	87
2010	6	99	1	1	3	5	7	8	14	5	13	17	19	21	29
2010	6	99	2	13	31	35	39	43	52	33	51	56	61	64	71
2010	6	99	3	28	56	60	64	67	74	46	78	81	83	86	91
2010	6	99	4	20	59	64	68	72	78	48	77	81	84	86	90
2010	6	99	5	33	54	61	67	71	81	44	73	78	80	83	89
2010	6	99	6	42	50	55	61	67	75	54	63	68	72	76	80
2010	6	99	7	19	26	30	36	38	50	25	32	36	39	43	54
2010	6	99	8	0	1	1	1	2	6	0	1	1	1	2	6
2010	6	99	99	28	34	38	41	43	49	38	45	49	51	53	59
2010	99	1	1	0	4	7	9	12	23	0	18	21	27	33	43
2010	99	1	2	0	28	34	41	45	65	0	65	74	81	87	96
2010	99	1	3	0	31	40	51	57	85	44	68	77	82	87	100
2010	99	1	4	11	34	40	48	58	70	45	62	69	75	80	98
2010	99	1	5	32	44	49	53	61	77	47	70	74	78	81	87
2010	99	1	6	31	43	49	55	60	68	43	61	65	69	75	81
2010	99	1	7	14	28	31	34	41	51	18	34	38	42	48	55
2010	99	1	8	0	1	1	1	2	4	0	1	1	1	2	5
2010	99	1	99	10	15	18	21	24	35	14	19	24	29	34	52
2010	99	2	1	2	6	7	8	10	16	7	14	18	21	23	35
2010	99	2	2	28	34	37	39	44	49	47	53	58	63	66	72
2010	99	2	3	43	57	63	66	70	75	68	83	85	88	90	92
2010	99	2	4	51	61	66	70	73	82	74	85	86	88	91	94
2010	99	2	5	55	62	68	72	74	82	76	82	84	87	89	92
2010	99	2	6	54	60	66	70	74	78	68	76	78	80	83	88
2010	99	2	7	35	43	46	49	53	72	41	52	53	57	59	78
2010	99	2	8	0	2	2	4	5	8	0	2	3	4	5	8
2010	99	2	99	42	49	54	56	58	64	58	66	68	70	71	75
2010	99	3	1	0	0	0	0	61	100	0	0	61	100	100	100
2010	99	3	2	3	33	37	43	49	71	24	53	58	63	67	86
2010	99	3	3	45	63	68	72	77	92	63	83	85	88	91	96
2010	99	3	4	69	77	80	83	85	91	83	90	92	93	94	97
2010	99	3	5	72	80	82	85	87	92	85	90	92	92	94	98
2010	99	3	6	65	82	85	87	90	94	79	89	91	93	94	97
2010	99	3	7	37	60	65	69	73	88	39	64	69	73	75	88
2010	99	3	8	0	5	7	8	12	31	0	5	7	8	12	31
2010	99	3	99	62	68	71	73	77	82	72	79	81	82	84	87
2010	99	99	1	2	7	7	8	10	16	8	17	20	22	24	35
2010	99	99	2	23	34	38	40	45	51	45	56	60	65	68	73
2010	99	99	3	41	59	63	66	71	77	66	84	85	86	88	91
2010	99	99	4	42	66	70	74	77	82	65	86	88	89	90	94
2010	99	99	5	59	64	70	74	77	86	71	84	86	88	89	92
2010	99	99	6	53	61	65	72	76	81	69	76	78	81	84	87
2010	99	99	7	28	38	41	45	49	59	38	46	48	51	55	63
2010	99	99	8	1	1	2	2	3	5	1	1	2	2	3	6
2010	99	99	99	40	42	45	48	51	55	48	53	57	59	62	66
2011	1	1	1	0	2	5	8	11	39	0	13	23	30	36	58
2011	1	1	2	12	31	37	45	60	83	55	75	82	87	91	100
2011	1	1	3	0	33	43	52	69	100	0	77	85	91	96	100
2011	1	1	4	0	31	45	59	71	100	0	71	79	90	94	100
2011	1	1	5	38	50	55	59	69	78	66	73	82	86	89	100
2011	1	1	6	19	49	54	60	67	83	62	74	78	84	88	96
2011	1	1	7	24	36	40	46	51	68	37	49	55	59	62	76
2011	1	1	8	0	1	1	1	2	5	0	1	1	1	2	5
2011	1	1	99	12	20	24	26	30	33	14	26	33	38	44	59
2011	1	2	1	1	5	6	8	10	22	8	15	18	21	23	39
2011	1	2	2	14	29	34	37	42	59	36	55	59	63	68	78
2011	1	2	3	52	60	63	69	71	82	79	88	89	91	93	96
2011	1	2	4	57	66	70	74	84	88	84	93	94	96	97	100
2011	1	2	5	66	72	76	79	83	91	89	93	94	95	96	99
2011	1	2	6	61	71	75	79	82	90	76	88	90	92	95	98
2011	1	2	7	43	52	56	61	69	77	52	61	64	70	75	83
2011	1	2	8	0	0	2	4	6	11	0	0	2	4	6	11
2011	1	2	99	51	55	58	61	64	70	63	74	75	77	78	83
2011	1	3	1	0	0	0	26	57	100	0	0	0	60	100	100
2011	1	3	2	11	23	28	37	47	80	33	49	53	59	66	88
2011	1	3	3	34	60	67	71	76	86	69	84	86	89	92	98
2011	1	3	4	63	78	82	86	89	95	72	94	95	97	98	100
2011	1	3	5	73	84	88	89	92	98	92	96	97	98	99	100
2011	1	3	6	63	84	88	90	92	99	86	93	95	96	97	100
2011	1	3	7	39	63	67	71	76	89	49	69	71	76	78	95
2011	1	3	8	0	4	6	9	11	55	0	4	6	9	11	55
2011	1	3	99	60	71	73	75	77	82	71	80	83	84	86	90
2011	1	99	1	2	5	6	8	11	21	9	17	19	23	25	39
2011	1	99	2	17	31	35	39	43	53	47	58	62	65	69	76
2011	1	99	3	50	59	63	66	72	80	76	86	88	89	92	95
2011	1	99	4	55	68	74	77	80	87	83	92	94	95	96	98
2011	1	99	5	67	73	78	80	84	92	89	93	94	95	96	98
2011	1	99	6	60	69	75	78	82	90	78	87	90	91	93	96
2011	1	99	7	39	50	51	56	62	74	51	59	62	65	70	78
2011	1	99	8	1	1	2	2	3	5	1	1	2	2	3	5
2011	1	99	99	45	48	51	54	57	63	55	62	65	67	70	73
2011	6	1	1	0	0	1	5	8	26	0	6	12	19	29	47
2011	6	1	2	0	12	26	44	54	100	5	47	65	76	82	100
2011	6	1	3	0	12	29	40	47	100	15	46	62	69	83	100
2011	6	1	4	0	17	30	41	50	100	0	51	64	68	79	100
2011	6	1	5	13	30	34	43	51	72	33	57	61	67	73	88
2011	6	1	6	18	30	36	41	48	61	32	50	54	58	64	75
2011	6	1	7	12	19	22	25	33	44	18	24	27	30	37	47
2011	6	1	8	0	0	1	1	1	2	0	0	1	1	1	2
2011	6	1	99	7	10	11	12	15	20	10	13	16	19	24	34
2011	6	2	1	0	2	5	6	8	17	3	10	13	16	21	33
2011	6	2	2	10	25	30	32	38	46	34	46	53	58	62	69
2011	6	2	3	22	49	55	59	65	72	47	77	81	83	86	91
2011	6	2	4	27	48	56	60	68	76	50	75	79	82	86	90
2011	6	2	5	38	47	56	60	65	72	53	71	74	78	81	84
2011	6	2	6	38	50	54	60	64	72	54	64	69	72	76	85
2011	6	2	7	24	34	38	41	46	66	33	40	44	49	53	66
2011	6	2	8	0	1	2	3	6	17	0	1	2	4	6	17
2011	6	2	99	27	39	44	47	49	56	48	57	58	61	64	68
2011	6	3	1	0	0	0	74	100	100	0	0	81	100	100	100
2011	6	3	2	21	28	35	41	46	67	43	50	59	64	69	91
2011	6	3	3	23	57	65	71	75	90	57	82	85	88	93	99
2011	6	3	4	58	72	76	80	82	93	60	86	89	91	93	97
2011	6	3	5	62	72	76	79	82	85	78	85	87	89	90	95
2011	6	3	6	69	75	78	81	84	96	77	84	86	88	91	97
2011	6	3	7	37	59	61	67	71	95	41	62	67	71	76	95
2011	6	3	8	0	0	3	6	8	18	0	0	3	6	8	22
2011	6	3	99	57	62	67	71	73	79	66	77	80	81	83	87
2011	6	99	1	0	3	4	7	8	17	3	10	13	16	21	28
2011	6	99	2	16	29	32	35	40	51	38	50	58	61	63	75
2011	6	99	3	21	52	58	62	67	74	45	78	82	84	87	89
2011	6	99	4	29	56	63	68	74	82	57	78	82	84	87	91
2011	6	99	5	34	55	62	67	71	77	49	76	78	81	83	86
2011	6	99	6	40	50	55	61	67	75	56	66	69	74	77	84
2011	6	99	7	19	29	34	36	42	56	26	35	39	41	47	57
2011	6	99	8	0	1	1	2	2	4	0	1	1	2	2	4
2011	6	99	99	28	33	38	41	44	48	38	45	49	52	54	60
2011	99	1	1	0	2	5	7	9	33	0	13	19	24	31	49
2011	99	1	2	6	28	36	41	52	81	35	68	74	81	87	100
2011	99	1	3	7	30	38	49	54	100	30	65	71	80	86	100
2011	99	1	4	0	31	41	50	56	100	33	63	74	78	81	100
2011	99	1	5	24	44	47	52	56	70	47	68	73	77	81	92
2011	99	1	6	25	39	45	51	55	70	53	61	66	71	75	85
2011	99	1	7	17	27	31	34	40	56	28	37	39	43	47	61
2011	99	1	8	0	1	1	1	1	3	0	1	1	1	1	3
2011	99	1	99	10	14	17	19	21	26	12	20	24	27	33	45
2011	99	2	1	1	4	6	7	9	13	8	13	16	19	21	33
2011	99	2	2	12	30	32	36	39	47	37	53	57	60	63	71
2011	99	2	3	48	56	61	63	67	75	68	84	86	87	89	92
2011	99	2	4	53	59	64	68	75	82	75	85	88	89	92	95
2011	99	2	5	53	62	66	70	74	82	78	83	85	87	89	92
2011	99	2	6	54	60	64	69	74	77	69	77	79	82	84	89
2011	99	2	7	35	43	46	52	57	69	46	51	55	60	65	70
2011	99	2	8	0	1	2	4	5	14	0	2	2	4	5	14
2011	99	2	99	43	47	52	54	57	62	56	65	67	69	72	75
2011	99	3	1	0	0	13	55	93	100	0	0	44	86	100	100
2011	99	3	2	20	30	34	38	46	65	45	53	58	60	65	88
2011	99	3	3	38	60	64	69	76	87	72	82	85	88	91	95
2011	99	3	4	66	75	78	81	86	93	78	90	92	94	95	97
2011	99	3	5	70	80	81	83	85	90	87	90	92	93	94	96
2011	99	3	6	67	81	84	86	87	97	86	89	91	92	93	98
2011	99	3	7	42	63	65	69	74	88	47	66	70	73	77	89
2011	99	3	8	0	3	6	7	10	30	0	3	6	7	10	30
2011	99	3	99	61	66	70	72	75	79	72	79	81	83	84	88
2011	99	99	1	3	5	6	7	9	15	9	14	17	20	23	31
2011	99	99	2	16	31	34	37	41	47	42	55	60	62	64	73
2011	99	99	3	48	55	61	64	69	76	67	83	85	86	88	91
2011	99	99	4	48	61	68	72	76	85	71	86	88	90	91	94
2011	99	99	5	55	64	69	74	76	85	71	84	86	88	89	92
2011	99	99	6	55	59	65	70	75	80	73	76	79	82	85	89
2011	99	99	7	29	39	43	47	52	62	39	47	51	54	59	66
2011	99	99	8	1	1	1	2	3	4	1	1	1	2	3	4
2011	99	99	99	38	41	43	48	51	55	48	54	57	60	62	66
